0
	183323.00	103693.284419	2279694.60688	4	50.047
	183324.00	103693.287476	2279694.6042	4	50.037
	183325.00	103693.287123	2279694.60909	4	50.040
	183326.00	103693.286545	2279694.60974	4	50.035
	183327.00	103693.284189	2279694.6082	4	50.042
	183328.00	103693.28093	2279694.60597	4	50.041
	183329.00	103693.279033	2279694.60723	4	50.048
	183330.00	103693.28074	2279694.60609	4	50.041
	183331.00	103693.27883	2279694.60775	4	50.042
	183332.00	103693.281594	2279694.60281	4	50.037
	183333.00	103693.276419	2279694.6078	4	50.044
	183334.00	103693.280464	2279694.60873	4	50.047
	183335.00	103693.279038	2279694.60709	4	50.050
	183336.00	103693.285349	2279694.60678	4	50.043
	183337.00	103693.279317	2279694.60975	4	50.048
	183338.00	103693.285213	2279694.61075	4	50.045
	183339.00	103693.282752	2279694.61225	4	50.046
	183340.00	103693.286742	2279694.61478	4	50.048
	183341.00	103693.281482	2279694.61685	4	50.047
	183342.00	103693.285447	2279694.61473	4	50.034
	183343.00	103693.280814	2279694.62014	4	50.045
	183344.00	103693.283455	2279694.61877	4	50.031
	183345.00	103693.282714	2279694.61874	4	50.022
	183346.00	103693.279806	2279694.62249	4	50.023
	183347.00	103693.277567	2279694.62294	4	50.024
	183348.00	103693.280704	2279694.62331	4	50.017
	183349.00	103693.278167	2279694.62707	4	50.023
	183350.00	103693.278039	2279694.63077	4	50.026
	183351.00	103693.281773	2279694.62997	4	50.024
	183352.00	103693.280251	2279694.63111	4	50.033
	183353.00	103693.28207	2279694.6321	4	50.030
	183354.00	103693.285334	2279694.6342	4	50.025
	183355.00	103693.291551	2279694.63123	4	50.015
	183356.00	103693.289299	2279694.62665	4	50.015
	183357.00	103693.293881	2279694.62814	4	50.019
	183358.00	103693.293574	2279694.62627	4	50.009
	183359.00	103693.292793	2279694.62744	4	50.029
	183400.00	103693.293642	2279694.64588	4	50.057
	183401.00	103693.294878	2279694.64764	4	50.063
	183402.00	103693.29664	2279694.64492	4	50.056
	183403.00	103693.293945	2279694.64244	4	50.071
	183404.00	103693.285313	2279694.64559	4	50.085
	183405.00	103693.286179	2279694.64734	4	50.075
	183406.00	103693.276826	2279694.64451	4	50.068
	183407.00	103693.275824	2279694.64672	4	50.068
	183408.00	103693.280135	2279694.64528	4	50.070
	183409.00	103693.278695	2279694.64404	4	50.077
	183410.00	103693.284492	2279694.64252	4	50.081
	183411.00	103693.279161	2279694.64127	4	50.072
	183412.00	103693.276553	2279694.63628	4	50.065
	183413.00	103693.276937	2279694.6359	4	50.042
	183414.00	103693.278399	2279694.63648	4	50.059
	183415.00	103693.284286	2279694.63774	4	50.055
	183416.00	103693.283645	2279694.63481	4	50.059
	183417.00	103693.287031	2279694.63333	4	50.056
	183418.00	103693.284238	2279694.62833	4	50.067
	183419.00	103693.277313	2279694.63035	4	50.090
	183420.00	103693.27367	2279694.6285	4	50.080
	183421.00	103693.274612	2279694.63344	4	50.059
	183422.00	103693.280649	2279694.63033	4	50.062
	183423.00	103693.280255	2279694.63641	4	50.077
	183424.00	103693.284105	2279694.6376	4	50.061
	183425.00	103693.290087	2279694.63609	4	50.077
	183426.00	103693.300163	2279694.63405	4	50.114
	183427.00	103693.281791	2279694.62944	4	50.105
	183428.00	103693.285458	2279694.6252	4	50.098
	183429.00	103693.288794	2279694.62518	4	50.110
	183430.00	103693.285459	2279694.61977	4	50.105
	183431.00	103693.278412	2279694.61992	4	50.098
	183432.00	103693.275799	2279694.61506	4	50.092
	183433.00	103693.277398	2279694.61167	4	50.090
	183434.00	103693.281479	2279694.61155	4	50.088
	183435.00	103693.28585	2279694.60839	4	50.084
	183436.00	103693.281254	2279694.6073	4	50.093
	183437.00	103693.279754	2279694.61321	4	50.094
	183438.00	103693.274897	2279694.61437	4	50.091
	183439.00	103693.282079	2279694.61568	4	50.075
	183440.00	103693.282514	2279694.62457	4	50.074
	183441.00	103693.285491	2279694.61884	4	50.061
	183442.00	103693.281372	2279694.62545	4	50.076
	183443.00	103693.275051	2279694.63146	4	50.062
	183444.00	103693.280636	2279694.6253	4	50.064
	183445.00	103693.280456	2279694.62516	4	50.050
	183446.00	103693.276669	2279694.62211	4	50.058
	183447.00	103693.272768	2279694.62238	4	50.061
	183448.00	103693.290115	2279694.6137	4	50.054
	183449.00	103693.285356	2279694.61738	4	50.064
	183450.00	103693.284619	2279694.62265	4	50.053
	183451.00	103693.287789	2279694.61667	4	50.050
	183452.00	103693.282863	2279694.61981	4	50.055
	183453.00	103693.278344	2279694.62191	4	50.046
	183454.00	103693.275991	2279694.62567	4	50.056
	183455.00	103693.274556	2279694.62429	4	50.062
	183456.00	103693.282528	2279694.62417	4	50.041
	183457.00	103693.281815	2279694.62335	4	50.046
	183458.00	103693.279585	2279694.62354	4	50.047
	183459.00	103693.28088	2279694.62358	4	50.054
	183500.00	103693.280339	2279694.62317	4	50.056
	183501.00	103693.275689	2279694.62367	4	50.054
	183502.00	103693.279268	2279694.62737	4	50.054
	183503.00	103693.282624	2279694.62139	4	50.047
	183504.00	103693.27862	2279694.61927	4	50.050
	183505.00	103693.28592	2279694.61713	4	50.047
	183506.00	103693.286791	2279694.61875	4	50.040
	183507.00	103693.285495	2279694.61871	4	50.050
	183508.00	103693.283414	2279694.61996	4	50.054
	183509.00	103693.287636	2279694.61573	4	50.050
	183510.00	103693.29233	2279694.61934	4	50.065
	183511.00	103693.299824	2279694.61695	4	50.076
	183512.00	103693.291228	2279694.61904	4	50.054
	183513.00	103693.28777	2279694.62263	4	50.060
	183514.00	103693.282953	2279694.62259	4	50.066
	183515.00	103693.278661	2279694.61807	4	50.066
	183516.00	103693.286592	2279694.61914	4	50.061
	183517.00	103693.287083	2279694.62644	4	50.052
	183518.00	103693.285349	2279694.62837	4	50.055
	183519.00	103693.279732	2279694.63003	4	50.043
	183520.00	103693.29566	2279694.62489	4	50.039
	183521.00	103693.287985	2279694.62714	4	50.039
	183522.00	103693.290414	2279694.62656	4	50.031
	183523.00	103693.291358	2279694.62606	4	50.025
	183524.00	103693.291394	2279694.625	4	50.031
	183525.00	103693.283002	2279694.62657	4	50.031
	183527.00	103693.280113	2279694.62435	4	50.034
	183528.00	103693.280397	2279694.62688	4	50.044
	183529.00	103693.27678	2279694.62967	4	50.036
	183530.00	103693.283646	2279694.62937	4	50.039
	183531.00	103693.282586	2279694.62788	4	50.030
	183532.00	103693.286054	2279694.62403	4	50.031
	183533.00	103693.286605	2279694.62418	4	50.027
	183534.00	103693.286626	2279694.62895	4	50.041
	183535.00	103693.289623	2279694.63342	4	50.041
	183536.00	103693.284677	2279694.64252	4	50.039
	183537.00	103693.28174	2279694.63633	4	50.039
	183538.00	103693.276218	2279694.64064	4	50.044
	183539.00	103693.276674	2279694.63814	4	50.041
	183540.00	103693.286634	2279694.63411	4	50.044
	183541.00	103693.283985	2279694.63031	4	50.043
	183542.00	103693.283565	2279694.63176	4	50.043
	183543.00	103693.282088	2279694.63157	4	50.046
	183544.00	103693.282404	2279694.63317	4	50.046
	183545.00	103693.290134	2279694.62933	4	50.043
	183546.00	103693.295334	2279694.62898	4	50.035
	183547.00	103693.287823	2279694.62647	4	50.037
	183548.00	103693.289069	2279694.62797	4	50.047
	183549.00	103693.289471	2279694.62706	4	50.047
	183550.00	103693.293691	2279694.62826	4	50.044
	183551.00	103693.289601	2279694.62865	4	50.041
	183552.00	103693.292992	2279694.62705	4	50.044
	183553.00	103693.293785	2279694.63091	4	50.038
	183554.00	103693.2924	2279694.62808	4	50.043
	183555.00	103693.295656	2279694.62502	4	50.043
	183556.00	103693.291872	2279694.62727	4	50.041
	183557.00	103693.294206	2279694.62947	4	50.038
	183558.00	103693.287943	2279694.63376	4	50.039
	183559.00	103693.295195	2279694.62765	4	50.034
	183600.00	103693.289776	2279694.63435	4	50.046
	183601.00	103693.295121	2279694.6352	4	50.037
	183602.00	103693.292512	2279694.63021	4	50.032
	183603.00	103693.298381	2279694.632	4	50.026
	183604.00	103693.298705	2279694.63334	4	50.029
	183605.00	103693.302507	2279694.63055	4	50.022
	183606.00	103693.297727	2279694.62946	4	50.024
	183607.00	103693.302846	2279694.63149	4	50.028
	183608.00	103693.305617	2279694.63172	4	50.022
	183609.00	103693.303188	2279694.6323	4	50.025
	183610.00	103693.302318	2279694.63068	4	50.037
	183611.00	103693.300864	2279694.62983	4	50.037
	183612.00	103693.301419	2279694.62985	4	50.033
	183613.00	103693.304287	2279694.6273	4	50.031
	183614.00	103693.305749	2279694.62788	4	50.031
	183615.00	103693.305086	2279694.62561	4	50.029
	183616.00	103693.307058	2279694.62753	4	50.032
	183617.00	103693.307392	2279694.6286	4	50.031
	183618.00	103693.306837	2279694.62858	4	50.035
	183619.00	103693.304549	2279694.62506	4	50.027
	183620.00	103693.308132	2279694.62863	4	50.028
	183621.00	103693.310719	2279694.62885	4	50.029
	183622.00	103693.312118	2279694.63128	4	50.019
	183623.00	103693.308773	2279694.63156	4	50.031
	183624.00	103693.311373	2279694.63139	4	50.027
	183625.00	103693.308114	2279694.62915	4	50.021
	183626.00	103693.308331	2279694.62823	4	50.022
	183627.00	103693.310877	2279694.62965	4	50.029
	183628.00	103693.30802	2279694.6265	4	50.020
	183629.00	103693.307447	2279694.62701	4	50.031
	183630.00	103693.308142	2279694.62836	4	50.029
	183631.00	103693.307008	2279694.62898	4	50.030
	183632.00	103693.309094	2279694.6276	4	50.032
	183633.00	103693.305726	2279694.62854	4	50.035
	183634.00	103693.308914	2279694.62746	4	50.033
	183635.00	103693.305578	2279694.62748	4	50.028
	183636.00	103693.306661	2279694.62831	4	50.024
	183637.00	103693.305966	2279694.62696	4	50.026
	183638.00	103693.304476	2279694.62717	4	50.026
	183639.00	103693.30709	2279694.6266	4	50.024
	183640.00	103693.309062	2279694.62852	4	50.029
	183641.00	103693.310842	2279694.62527	4	50.030
	183642.00	103693.306693	2279694.62738	4	50.033
	183643.00	103693.305406	2279694.62707	4	50.030
	183644.00	103693.309866	2279694.6267	4	50.029
	183645.00	103693.303939	2279694.62663	4	50.029
	183646.00	103693.307262	2279694.62701	4	50.029
	183647.00	103693.304901	2279694.6256	4	50.026
	183648.00	103693.30607	2279694.62392	4	50.026
	183649.00	103693.302775	2279694.62274	4	50.023
	183650.00	103693.306007	2279694.62577	4	50.016
	183651.00	103693.304042	2279694.62901	4	50.019
	183652.00	103693.303836	2279694.62424	4	50.017
	183653.00	103693.302956	2279694.62288	4	50.017
	183654.00	103693.303845	2279694.62397	4	50.012
	183655.00	103693.295747	2279694.62237	4	50.016
	183656.00	103693.297484	2279694.62574	4	50.019
	183657.00	103693.295539	2279694.62303	4	50.024
	183658.00	103693.295069	2279694.62592	4	50.009
	183659.00	103693.295873	2279694.6241	4	50.008
	183700.00	103693.294939	2279694.6189	4	50.018
	183701.00	103693.294375	2279694.61914	4	50.011
	183702.00	103693.29214	2279694.61947	4	50.016
	183703.00	103693.296217	2279694.61947	4	50.009
	183704.00	103693.295761	2279694.61654	4	50.013
	183705.00	103693.294443	2279694.61716	4	50.013
	183706.00	103693.296922	2279694.61513	4	50.014
	183707.00	103693.290479	2279694.61928	4	50.021
	183708.00	103693.294144	2279694.62046	4	50.022
	183709.00	103693.293707	2279694.617	4	50.020
	183710.00	103693.293771	2279694.61515	4	50.017
	183711.00	103693.291934	2279694.61469	4	50.018
	183712.00	103693.297577	2279694.61223	4	50.020
	183713.00	103693.294364	2279694.60868	4	50.025
	183714.00	103693.298319	2279694.60683	4	50.019
	183715.00	103693.295321	2279694.60778	4	50.018
	183716.00	103693.292829	2279694.61022	4	50.027
	183717.00	103693.292269	2279694.61033	4	50.018
	183718.00	103693.291014	2279694.60909	4	50.010
	183719.00	103693.292806	2279694.61088	4	50.017
	183720.00	103693.284635	2279694.61139	4	50.014
	183721.00	103693.293559	2279694.61594	4	50.011
	183722.00	103693.296309	2279694.6114	4	50.024
	183723.00	103693.291906	2279694.61548	4	50.011
	183724.00	103693.300285	2279694.61431	4	50.010
	183725.00	103693.306109	2279694.612	4	50.002
	183726.00	103693.308132	2279694.61246	4	49.996
	183727.00	103693.313097	2279694.61356	4	49.998
	183728.00	103693.302475	2279694.61532	4	49.998
	183729.00	103693.301643	2279694.61794	4	50.000
	183730.00	103693.312774	2279694.60679	4	50.005
	183731.00	103693.313126	2279694.60734	4	50.003
	183732.00	103693.318169	2279694.60618	4	50.005
	183733.00	103693.321703	2279694.60578	4	50.002
	183734.00	103693.329126	2279694.60007	4	50.009
	183735.00	103693.331722	2279694.60003	4	50.008
	183736.00	103693.332951	2279694.59662	4	50.012
	183737.00	103693.337164	2279694.59266	4	50.016
	183738.00	103693.337106	2279694.58895	4	50.029
	183739.00	103693.341069	2279694.59227	4	50.014
	183740.00	103693.337511	2279694.59334	4	50.013
	183741.00	103693.34161	2279694.59268	4	50.013
	183742.00	103693.341777	2279694.59322	4	50.015
	183743.00	103693.34281	2279694.59551	4	50.009
	183744.00	103693.340296	2279694.59317	4	50.012
	183745.00	103693.339876	2279694.59461	4	49.996
	183746.00	103693.347877	2279694.58826	4	50.001
	183747.00	103693.347385	2279694.58639	4	50.014
	183748.00	103693.342158	2279694.58754	4	50.018
	183749.00	103693.346	2279694.58356	4	50.010
	183750.00	103693.347141	2279694.5881	4	50.007
	183751.00	103693.346929	2279694.58889	4	50.010
	183752.00	103693.350112	2279694.58794	4	50.017
	183753.00	103693.352456	2279694.58444	4	50.013
	183754.00	103693.356907	2279694.58433	4	50.027
	183755.00	103693.349569	2279694.59296	4	50.019
	183756.00	103693.352472	2279694.58935	4	50.012
	183757.00	103693.353863	2279694.58661	4	50.014
	183758.00	103693.346636	2279694.58663	4	50.016
	183759.00	103693.342039	2279694.59098	4	50.031
	183800.00	103693.347111	2279694.5836	4	50.029
	183801.00	103693.346249	2279694.58171	4	50.043
	183802.00	103693.350894	2279694.58134	4	50.049
	183803.00	103693.349121	2279694.57903	4	50.058
	183804.00	103693.3541	2279694.57973	4	50.058
	183805.00	103693.347332	2279694.58255	4	50.047
	183806.00	103693.353956	2279694.57854	4	50.038
	183807.00	103693.348786	2279694.58339	4	50.031
	183808.00	103693.345671	2279694.58236	4	50.032
	183809.00	103693.349188	2279694.58248	4	50.034
	183810.00	103693.352569	2279694.58114	4	50.035
	183811.00	103693.35521	2279694.57977	4	50.032
1
	183242.00	103692.459893	2279694.12431	4	50.015
	183243.00	103692.461157	2279694.12529	4	50.019
	183244.00	103692.465752	2279694.12637	4	50.013
	183245.00	103692.468216	2279694.13016	4	50.016
	183246.00	103692.466767	2279694.12919	4	50.018
	183247.00	103692.462895	2279694.12323	4	50.026
	183248.00	103692.459983	2279694.1271	4	50.020
	183249.00	103692.463839	2279694.12273	4	50.019
	183250.00	103692.460764	2279694.12593	4	50.016
	183251.00	103692.463951	2279694.12485	4	50.014
	183252.00	103692.460345	2279694.12195	4	50.021
	183253.00	103692.463771	2279694.12471	4	50.024
	183254.00	103692.465098	2279694.12383	4	50.022
	183255.00	103692.471419	2279694.12325	4	50.020
	183256.00	103692.471801	2279694.1283	4	50.017
	183257.00	103692.467743	2279694.12776	4	50.022
	183258.00	103692.46916	2279694.12967	4	50.025
	183259.00	103692.471015	2279694.1296	4	50.027
	183300.00	103692.463633	2279694.13411	4	50.024
	183301.00	103692.465539	2279694.13259	4	50.021
	183302.00	103692.466388	2279694.12944	4	50.016
	183303.00	103692.468712	2279694.1319	4	50.026
	183304.00	103692.468051	2279694.1242	4	50.020
	183305.00	103692.485434	2279694.09287	4	50.025
	183306.00	103692.51527	2279694.02806	4	50.008
	183307.00	103692.550334	2279693.96753	4	49.995
	183308.00	103692.571283	2279693.93486	4	49.981
	183309.00	103692.58732	2279693.92654	4	49.978
	183310.00	103692.60089	2279693.90912	4	49.962
	183311.00	103692.593584	2279693.91682	4	49.969
	183312.00	103692.597606	2279693.91841	4	49.969
	183313.00	103692.598206	2279693.91711	4	49.969
	183314.00	103692.59984	2279693.91809	4	49.965
	183315.00	103692.600915	2279693.91919	4	49.973
	183316.00	103692.595051	2279693.91727	4	49.979
	183317.00	103692.591737	2279693.91662	4	49.980
	183318.00	103692.594811	2279693.91885	4	49.988
	183319.00	103692.597524	2279693.9208	4	49.990
	183320.00	103692.593385	2279693.91721	4	49.982
	183321.00	103692.59422	2279693.91989	4	49.981
	183322.00	103692.595746	2279693.91862	4	49.980
	183323.00	103692.594035	2279693.91988	4	49.986
	183324.00	103692.59701	2279693.91959	4	49.981
	183325.00	103692.596568	2279693.91626	4	49.974
	183326.00	103692.598915	2279693.91806	4	49.972
	183327.00	103692.597105	2279693.91681	4	49.972
	183328.00	103692.598382	2279693.91738	4	49.974
	183329.00	103692.595339	2279693.91966	4	49.973
	183330.00	103692.59525	2279693.91688	4	49.968
	183331.00	103692.591173	2279693.91687	4	49.968
	183332.00	103692.595818	2279693.9165	4	49.962
	183333.00	103692.59423	2279693.91419	4	49.963
	183334.00	103692.59469	2279693.91699	4	49.968
	183335.00	103692.594744	2279693.9154	4	49.968
	183336.00	103692.594059	2279693.91379	4	49.968
	183337.00	103692.591522	2279693.91211	4	49.962
	183338.00	103692.594627	2279693.91341	4	49.964
	183339.00	103692.593133	2279693.91376	4	49.963
	183340.00	103692.595814	2279693.91663	4	49.963
	183341.00	103692.59617	2279693.91704	4	49.963
	183342.00	103692.595579	2279693.91808	4	49.959
	183343.00	103692.590392	2279693.91803	4	49.965
	183344.00	103692.593588	2279693.91669	4	49.963
	183345.00	103692.590917	2279693.91355	4	49.965
	183346.00	103692.587617	2279693.91251	4	49.963
	183347.00	103692.590041	2279693.91206	4	49.963
	183348.00	103692.589477	2279693.91231	4	49.959
	183349.00	103692.586506	2279693.91247	4	49.963
	183350.00	103692.585315	2279693.90938	4	49.962
	183351.00	103692.587526	2279693.91515	4	49.961
	183352.00	103692.58517	2279693.91362	4	49.960
	183353.00	103692.58623	2279693.91511	4	49.971
	183354.00	103692.586546	2279693.91671	4	49.971
	183355.00	103692.589372	2279693.91535	4	49.972
	183356.00	103692.588627	2279693.91546	4	49.976
	183357.00	103692.58762	2279693.91781	4	49.971
	183358.00	103692.59254	2279693.92023	4	49.968
	183359.00	103692.589737	2279693.92093	4	49.967
	183400.00	103692.587687	2279693.92125	4	49.974
	183401.00	103692.587614	2279693.92337	4	49.972
	183402.00	103692.588896	2279693.92381	4	49.979
	183403.00	103692.585908	2279693.9245	4	49.977
	183404.00	103692.587484	2279693.92178	4	49.970
	183405.00	103692.586951	2279693.9211	4	49.978
	183406.00	103692.583876	2279693.9243	4	50.002
	183407.00	103692.580545	2279693.92419	4	50.003
	183408.00	103692.58222	2279693.92398	4	50.015
	183409.00	103692.583582	2279693.92747	4	49.995
	183410.00	103692.579925	2279693.93145	4	49.998
	183411.00	103692.580065	2279693.92735	4	50.015
	183412.00	103692.574423	2279693.92437	4	50.007
	183413.00	103692.587234	2279693.92905	4	49.994
	183414.00	103692.588878	2279693.92434	4	49.988
	183415.00	103692.591234	2279693.92588	4	49.991
	183416.00	103692.595875	2279693.92564	4	49.971
	183417.00	103692.593513	2279693.92967	4	49.986
	183418.00	103692.602597	2279693.92415	4	49.970
	183419.00	103692.590719	2279693.9301	4	49.984
	183420.00	103692.586719	2279693.92784	4	49.978
	183421.00	103692.593744	2279693.92835	4	49.981
	183422.00	103692.582353	2279693.93087	4	49.976
	183423.00	103692.584169	2279693.92656	4	49.972
	183424.00	103692.584065	2279693.92961	4	49.978
	183425.00	103692.591887	2279693.93385	4	49.982
	183426.00	103692.590353	2279693.92996	4	49.988
	183427.00	103692.585076	2279693.92712	4	49.992
	183428.00	103692.584242	2279693.92445	4	49.983
	183429.00	103692.57914	2279693.92732	4	50.012
	183430.00	103692.583438	2279693.92627	4	50.008
	183431.00	103692.58012	2279693.92576	4	50.008
	183432.00	103692.579537	2279693.92654	4	50.007
	183433.00	103692.580593	2279693.92816	4	50.002
	183434.00	103692.577207	2279693.92964	4	49.998
	183435.00	103692.579185	2279693.926	4	49.998
	183436.00	103692.579185	2279693.926	4	50.005
	183437.00	103692.577753	2279693.92992	4	50.001
	183438.00	103692.574052	2279693.92979	4	50.000
	183439.00	103692.581045	2279693.92579	4	49.991
	183440.00	103692.5831	2279693.92533	4	49.987
	183441.00	103692.579411	2279693.92481	4	49.993
	183442.00	103692.575984	2279693.92747	4	49.984
	183443.00	103692.575004	2279693.92903	4	49.997
	183444.00	103692.575176	2279693.92943	4	49.984
	183445.00	103692.576761	2279693.92644	4	49.990
	183446.00	103692.574395	2279693.9306	4	49.996
	183447.00	103692.576558	2279693.92696	4	49.996
	183448.00	103692.574662	2279693.92822	4	49.989
	183449.00	103692.580475	2279693.9316	4	49.986
	183450.00	103692.579274	2279693.93421	4	49.999
	183451.00	103692.577356	2279693.9307	4	49.993
	183452.00	103692.578941	2279693.92771	4	49.986
	183453.00	103692.579768	2279693.92522	4	49.991
	183454.00	103692.578855	2279693.93022	4	49.995
	183455.00	103692.577342	2279693.9311	4	49.999
	183456.00	103692.580765	2279693.92857	4	49.991
	183457.00	103692.577112	2279693.93242	4	49.992
	183458.00	103692.573144	2279693.92923	4	50.003
	183459.00	103692.573076	2279693.93122	4	49.997
	183500.00	103692.575668	2279693.93131	4	49.996
	183501.00	103692.57522	2279693.93354	4	50.003
	183502.00	103692.575704	2279693.93025	4	49.991
	183503.00	103692.577767	2279693.92952	4	49.997
	183504.00	103692.574991	2279693.92943	4	49.995
	183505.00	103692.574445	2279693.92914	4	49.985
	183506.00	103692.5749	2279693.93207	4	49.981
	183507.00	103692.572797	2279693.92856	4	49.987
	183508.00	103692.575302	2279693.93116	4	49.999
	183509.00	103692.573668	2279693.93018	4	49.985
	183510.00	103692.576042	2279693.93119	4	49.993
	183511.00	103692.576236	2279693.93093	4	49.999
	183512.00	103692.57644	2279693.9304	4	49.987
	183513.00	103692.577162	2279693.93096	4	49.992
	183514.00	103692.580386	2279693.92882	4	49.978
	183515.00	103692.576517	2279693.92816	4	49.978
	183516.00	103692.580399	2279693.92842	4	49.990
	183517.00	103692.576719	2279693.93306	4	49.980
	183518.00	103692.56998	2279693.92965	4	49.969
	183519.00	103692.565353	2279693.92949	4	49.985
	183520.00	103692.573641	2279693.93097	4	49.985
	183521.00	103692.576638	2279693.93001	4	49.977
	183522.00	103692.574147	2279693.92701	4	49.966
	183524.00	103692.574364	2279693.92609	4	49.965
	183525.00	103692.572229	2279693.9235	4	49.964
	183526.00	103692.572703	2279693.92591	4	49.970
	183527.00	103692.569764	2279693.92514	4	49.976
	183528.00	103692.572031	2279693.92389	4	49.978
	183529.00	103692.565832	2279693.92633	4	49.989
	183530.00	103692.569769	2279693.92501	4	49.984
	183531.00	103692.566202	2279693.92634	4	49.993
	183532.00	103692.562848	2279693.92689	4	49.995
	183533.00	103692.565254	2279693.92697	4	49.985
	183534.00	103692.566111	2279693.92899	4	49.982
	183535.00	103692.564712	2279693.92656	4	49.974
	183536.00	103692.565867	2279693.9307	4	49.980
	183537.00	103692.563361	2279693.93353	4	49.983
	183538.00	103692.564738	2279693.9312	4	49.978
	183539.00	103692.565136	2279693.93041	4	49.976
	183540.00	103692.563271	2279693.93075	4	49.964
	183541.00	103692.569006	2279693.92565	4	49.962
	183542.00	103692.567363	2279693.92493	4	49.966
	183543.00	103692.568139	2279693.92389	4	49.959
	183544.00	103692.568505	2279693.92404	4	49.965
	183545.00	103692.572099	2279693.92191	4	49.964
	183546.00	103692.574757	2279693.92545	4	49.957
	183547.00	103692.572916	2279693.91969	4	49.949
	183548.00	103692.574071	2279693.92383	4	49.949
	183549.00	103692.577579	2279693.92422	4	49.951
	183550.00	103692.579407	2279693.92494	4	49.962
	183551.00	103692.577375	2279693.92474	4	49.974
	183552.00	103692.576382	2279693.92669	4	49.981
	183553.00	103692.573745	2279693.92793	4	49.967
	183554.00	103692.574003	2279693.92582	4	49.966
	183555.00	103692.575534	2279693.92441	4	49.966
	183556.00	103692.577453	2279693.92249	4	49.958
	183557.00	103692.575963	2279693.92271	4	49.957
	183558.00	103692.573267	2279693.92566	4	49.964
	183559.00	103692.577976	2279693.92344	4	49.962
	183600.00	103692.584961	2279693.9197	4	49.954
	183601.00	103692.578969	2279693.92692	4	49.960
	183602.00	103692.579898	2279693.92681	4	49.963
	183603.00	103692.577727	2279693.92528	4	49.968
	183604.00	103692.581045	2279693.92579	4	49.969
	183605.00	103692.586047	2279693.92583	4	49.958
	183606.00	103692.580834	2279693.92115	4	49.959
	183607.00	103692.582265	2279693.92266	4	49.958
	183608.00	103692.583881	2279693.92417	4	49.961
	183609.00	103692.588462	2279693.92565	4	49.961
	183610.00	103692.58017	2279693.92431	4	49.965
	183611.00	103692.581118	2279693.92368	4	49.966
	183612.00	103692.576165	2279693.92761	4	49.970
	183613.00	103692.576499	2279693.92868	4	49.975
	183614.00	103692.575587	2279693.92826	4	49.976
	183615.00	103692.576079	2279693.93013	4	49.980
	183616.00	103692.579095	2279693.92864	4	49.976
	183617.00	103692.576905	2279693.92764	4	49.977
	183618.00	103692.577072	2279693.92817	4	49.978
	183619.00	103692.57742	2279693.92885	4	49.976
	183620.00	103692.57681	2279693.93042	4	49.976
	183621.00	103692.578529	2279693.93432	4	49.970
	183622.00	103692.579888	2279693.93251	4	49.964
	183623.00	103692.582023	2279693.9351	4	49.957
	183624.00	103692.578019	2279693.93298	4	49.963
	183625.00	103692.576927	2279693.93241	4	49.963
	183626.00	103692.578556	2279693.93352	4	49.961
	183627.00	103692.581834	2279693.9298	4	49.960
	183628.00	103692.576846	2279693.92936	4	49.954
	183629.00	103692.57853	2279693.92889	4	49.951
	183630.00	103692.577893	2279693.93125	4	49.968
	183631.00	103692.579545	2279693.9317	4	49.966
	183632.00	103692.579965	2279693.93026	4	49.961
	183633.00	103692.580313	2279693.93094	4	49.956
	183634.00	103692.578268	2279693.93113	4	49.968
	183635.00	103692.577911	2279693.93072	4	49.968
	183636.00	103692.577166	2279693.93083	4	49.958
	183637.00	103692.577577	2279693.92965	4	49.963
	183638.00	103692.578706	2279693.92916	4	49.960
	183639.00	103692.575699	2279693.93038	4	49.967
	183640.00	103692.579739	2279693.93145	4	49.974
	183641.00	103692.578999	2279693.93142	4	49.978
	183642.00	103692.57764	2279693.93323	4	49.979
	183643.00	103692.572999	2279693.93347	4	49.986
	183644.00	103692.574407	2279693.93563	4	49.986
	183645.00	103692.56959	2279693.9356	4	49.986
	183646.00	103692.573589	2279693.93786	4	49.993
	183647.00	103692.573093	2279693.93612	4	49.989
	183648.00	103692.573982	2279693.93721	4	49.999
	183649.00	103692.571459	2279693.93514	4	49.996
	183650.00	103692.572298	2279693.93768	4	49.997
	183651.00	103692.573914	2279693.93919	4	49.989
	183652.00	103692.573065	2279693.94234	4	49.995
	183653.00	103692.570438	2279693.93788	4	49.998
	183654.00	103692.569093	2279693.93929	4	50.000
	183655.00	103692.565287	2279693.94221	4	49.998
	183656.00	103692.567292	2279693.93777	4	49.993
	183657.00	103692.566186	2279693.9376	4	49.996
	183658.00	103692.566497	2279693.93934	4	49.991
	183659.00	103692.566502	2279693.9392	4	49.989
	183700.00	103692.569084	2279693.93956	4	49.991
	183701.00	103692.571446	2279693.93553	4	49.987
	183702.00	103692.573829	2279693.93628	4	49.989
	183703.00	103692.572411	2279693.9398	4	49.997
	183704.00	103692.572998	2279693.9389	4	49.998
	183705.00	103692.572628	2279693.93888	4	50.003
	183706.00	103692.573039	2279693.93771	4	50.008
	183707.00	103692.571161	2279693.93844	4	50.006
	183708.00	103692.572614	2279693.93928	4	50.010
	183709.00	103692.574069	2279693.9347	4	50.006
	183710.00	103692.576096	2279693.93503	4	50.005
	183711.00	103692.571342	2279693.93314	4	50.015
	183712.00	103692.572426	2279693.93398	4	50.015
	183713.00	103692.569121	2279693.93307	4	50.021
	183714.00	103692.570557	2279693.93444	4	50.021
	183715.00	103692.570611	2279693.93285	4	50.017
	183716.00	103692.563244	2279693.93154	4	50.044
	183717.00	103692.568358	2279693.9337	4	50.029
	183718.00	103692.564796	2279693.93491	4	50.032
	183719.00	103692.563636	2279693.93632	4	50.030
	183720.00	103692.564408	2279693.93542	4	50.030
	183721.00	103692.564397	2279693.94112	4	50.028
	183722.00	103692.560163	2279693.94031	4	50.034
	183723.00	103692.556443	2279693.94071	4	50.035
	183724.00	103692.555355	2279693.94001	4	50.037
	183725.00	103692.556994	2279693.94086	4	50.032
	183726.00	103692.560045	2279693.94375	4	50.033
	183727.00	103692.559039	2279693.94067	4	50.036
	183728.00	103692.557026	2279693.93994	4	50.037
	183729.00	103692.55815	2279693.93958	4	50.028
	183730.00	103692.56043	2279693.93794	4	50.029
	183731.00	103692.561339	2279693.93307	4	50.034
	183732.00	103692.561528	2279693.93294	4	50.039
	183733.00	103692.562769	2279693.93457	4	50.032
	183734.00	103692.56346	2279693.93605	4	50.032
	183735.00	103692.562751	2279693.9351	4	50.035
	183736.00	103692.563821	2279693.93633	4	50.025
	183737.00	103692.563845	2279693.93024	4	50.031
	183738.00	103692.56444	2279693.9345	4	50.028
	183739.00	103692.566837	2279693.93484	4	50.031
	183740.00	103692.56513	2279693.93598	4	50.036
	183741.00	103692.565631	2279693.93758	4	50.028
	183742.00	103692.564299	2279693.9386	4	50.024
	183743.00	103692.564863	2279693.93835	4	50.022
	183744.00	103692.565373	2279693.9397	4	50.028
	183745.00	103692.566655	2279693.94014	4	50.027
	183746.00	103692.566656	2279693.93471	4	50.019
	183747.00	103692.567961	2279693.93449	4	50.016
	183748.00	103692.56755	2279693.93566	4	50.022
	183749.00	103692.567865	2279693.93726	4	50.009
	183750.00	103692.5667	2279693.93881	4	50.011
	183751.00	103692.573193	2279693.93321	4	50.006
	183752.00	103692.57079	2279693.93842	4	50.013
	183753.00	103692.574809	2279693.93472	4	50.012
	183754.00	103692.577955	2279693.93483	4	50.010
	183755.00	103692.573071	2279693.93678	4	50.010
	183756.00	103692.573125	2279693.93519	4	50.015
	183757.00	103692.577843	2279693.93271	4	50.008
	183758.00	103692.576191	2279693.93225	4	50.017
	183759.00	103692.57973	2279693.93171	4	50.016
	183800.00	103692.588652	2279693.92553	4	50.017
	183801.00	103692.587528	2279693.92588	4	50.014
	183802.00	103692.58384	2279693.92536	4	50.010
	183803.00	103692.587094	2279693.92772	4	50.015
	183804.00	103692.593311	2279693.92476	4	50.000
	183805.00	103692.589018	2279693.92567	4	50.013
	183806.00	103692.5883	2279693.92498	4	50.022
	183807.00	103692.591776	2279693.9263	4	50.018
	183808.00	103692.591225	2279693.92614	4	50.025
	183809.00	103692.595802	2279693.92776	4	50.027
2
	183246.00	103692.976357	2279694.26406	4	49.949
	183247.00	103692.971147	2279694.26468	4	49.946
	183248.00	103692.968596	2279694.26883	4	49.956
	183249.00	103692.966389	2279694.26835	4	49.958
	183250.00	103692.97462	2279694.26069	4	49.950
	183251.00	103692.965035	2279694.2646	4	49.954
	183252.00	103692.967934	2279694.26112	4	49.956
	183253.00	103692.963357	2279694.25951	4	49.958
	183254.00	103692.963633	2279694.25687	4	49.962
	183255.00	103692.962509	2279694.25723	4	49.959
	183256.00	103692.969556	2279694.25707	4	49.962
	183257.00	103692.966323	2279694.25948	4	49.954
	183258.00	103692.963072	2279694.26241	4	49.960
	183259.00	103692.964503	2279694.26392	4	49.967
	183300.00	103692.962628	2279694.26995	4	49.968
	183301.00	103692.970198	2279694.27074	4	49.968
	183302.00	103692.968171	2279694.2704	4	49.963
	183303.00	103692.97631	2279694.27081	4	49.970
	183304.00	103692.968875	2279694.27149	4	49.972
	183305.00	103692.974139	2279694.26928	4	49.978
	183306.00	103692.967558	2279694.26667	4	49.970
	183307.00	103692.972325	2279694.26816	4	49.976
	183308.00	103692.954798	2279694.2767	4	49.995
	183309.00	103692.966668	2279694.27101	4	49.976
	183310.00	103692.963928	2279694.26986	4	49.975
	183311.00	103692.95777	2279694.27111	4	49.980
	183312.00	103692.945728	2279694.28182	4	50.004
	183313.00	103692.944491	2279694.28005	4	50.011
	183314.00	103692.960281	2279694.26814	4	49.986
	183315.00	103692.970695	2279694.26705	4	49.980
	183316.00	103692.96702	2279694.27156	4	49.985
	183317.00	103692.964695	2279694.26909	4	49.981
	183318.00	103692.958245	2279694.26807	4	49.978
	183319.00	103692.962826	2279694.26956	4	49.988
	183320.00	103692.960448	2279694.26868	4	49.966
	183321.00	103692.960298	2279694.27305	4	49.968
	183322.00	103692.960185	2279694.27092	4	49.969
	183323.00	103692.958641	2279694.27272	4	49.966
	183324.00	103692.957463	2279694.26924	4	49.964
	183325.00	103692.960971	2279694.26963	4	49.965
	183326.00	103692.955779	2279694.26971	4	49.952
	183327.00	103692.958592	2279694.26875	4	49.963
	183328.00	103692.949834	2279694.27017	4	49.964
	183329.00	103692.951356	2279694.26903	4	49.969
	183330.00	103692.955965	2279694.26972	4	49.975
	183331.00	103692.955622	2279694.26891	4	49.968
	183332.00	103692.95592	2279694.26561	4	49.965
	183333.00	103692.94896	2279694.26325	4	49.970
	183334.00	103692.952968	2279694.26524	4	49.972
	183335.00	103692.956782	2279694.26749	4	49.976
	183336.00	103692.956222	2279694.26761	4	49.960
	183337.00	103692.950037	2279694.26965	4	49.960
	183338.00	103692.957734	2279694.27216	4	49.970
	183339.00	103692.960442	2279694.27424	4	49.970
	183340.00	103692.965268	2279694.27401	4	49.970
	183341.00	103692.971385	2279694.27396	4	49.972
	183342.00	103692.965953	2279694.27563	4	49.970
	183343.00	103692.966003	2279694.27417	4	49.978
	183344.00	103692.962461	2279694.26941	4	49.974
	183345.00	103692.957987	2279694.27019	4	49.977
	183346.00	103692.956921	2279694.27426	4	49.971
	183347.00	103692.958857	2279694.27724	4	49.966
	183348.00	103692.957358	2279694.27771	4	49.963
	183349.00	103692.961042	2279694.27294	4	49.955
	183350.00	103692.957741	2279694.27733	4	49.968
	183351.00	103692.960604	2279694.27491	4	49.963
	183352.00	103692.957197	2279694.27162	4	49.961
	183353.00	103692.957489	2279694.27388	4	49.953
	183354.00	103692.951688	2279694.27553	4	49.962
	183355.00	103692.960162	2279694.27158	4	49.958
	183356.00	103692.954939	2279694.2726	4	49.949
	183357.00	103692.958227	2279694.28477	4	49.971
	183358.00	103692.950893	2279694.2771	4	49.947
	183359.00	103692.952956	2279694.27637	4	49.953
	183400.00	103692.937256	2279694.31266	4	50.004
	183401.00	103692.931331	2279694.32332	4	50.024
	183402.00	103692.930433	2279694.32249	4	50.019
	183403.00	103692.936492	2279694.31873	4	50.018
	183404.00	103692.93149	2279694.31869	4	50.015
	183405.00	103692.94075	2279694.31344	4	50.012
	183406.00	103692.934073	2279694.31361	4	50.024
	183407.00	103692.932042	2279694.31341	4	50.030
	183408.00	103692.932083	2279694.31222	4	50.018
	183409.00	103692.940725	2279694.30337	4	50.007
	183410.00	103692.938771	2279694.30092	4	49.990
	183411.00	103692.93674	2279694.30072	4	50.005
	183412.00	103692.938921	2279694.29655	4	50.006
	183413.00	103692.938843	2279694.30424	4	49.991
	183414.00	103692.929669	2279694.30697	4	50.015
	183415.00	103692.936107	2279694.30295	4	50.016
	183416.00	103692.943931	2279694.30176	4	49.997
	183417.00	103692.935142	2279694.29868	4	50.007
	183418.00	103692.9375	2279694.29478	4	49.998
	183419.00	103692.939686	2279694.29049	4	49.973
	183420.00	103692.929013	2279694.2937	4	49.995
	183421.00	103692.932398	2279694.29766	4	49.965
	183422.00	103692.934696	2279694.29548	4	49.969
	183423.00	103692.927363	2279694.30397	4	49.987
	183424.00	103692.934834	2279694.30224	4	49.978
	183425.00	103692.920164	2279694.29776	4	50.014
	183426.00	103692.923063	2279694.29429	4	50.011
	183427.00	103692.923782	2279694.28954	4	50.000
	183428.00	103692.924075	2279694.29181	4	50.001
	183429.00	103692.923413	2279694.2841	4	49.996
	183430.00	103692.927389	2279694.28702	4	49.997
	183431.00	103692.924202	2279694.2881	4	50.004
	183432.00	103692.929357	2279694.28907	4	49.991
	183433.00	103692.934004	2279694.28327	4	49.986
	183434.00	103692.939895	2279694.2844	4	49.977
	183435.00	103692.932739	2279694.28773	4	49.980
	183436.00	103692.93077	2279694.29111	4	49.997
	183437.00	103692.927872	2279694.28915	4	49.979
	183438.00	103692.922203	2279694.30313	4	49.995
	183439.00	103692.926575	2279694.29454	4	49.980
	183440.00	103692.924732	2279694.29964	4	49.993
	183441.00	103692.925264	2279694.30032	4	50.001
	183442.00	103692.916907	2279694.30626	4	50.010
	183443.00	103692.912979	2279694.30732	4	50.015
	183444.00	103692.917755	2279694.30854	4	50.009
	183445.00	103692.918244	2279694.30512	4	50.009
	183446.00	103692.920457	2279694.30003	4	50.007
	183447.00	103692.922448	2279694.29599	4	49.996
	183448.00	103692.917334	2279694.29383	4	49.993
	183449.00	103692.918692	2279694.29745	4	50.006
	183450.00	103692.913833	2279694.30404	4	50.004
	183451.00	103692.915591	2279694.29602	4	49.994
	183452.00	103692.919238	2279694.29773	4	50.013
	183453.00	103692.909942	2279694.30404	4	50.009
	183454.00	103692.917048	2279694.30216	4	50.002
	183455.00	103692.920398	2279694.30175	4	50.008
	183456.00	103692.918899	2279694.30223	4	50.011
	183457.00	103692.917501	2279694.29436	4	50.006
	183458.00	103692.923665	2279694.28755	4	49.994
	183459.00	103692.926437	2279694.28778	4	49.977
	183500.00	103692.926257	2279694.28221	4	49.980
	183501.00	103692.923975	2279694.27312	4	49.976
	183502.00	103692.926313	2279694.27519	4	49.972
	183503.00	103692.92629	2279694.27585	4	49.977
	183504.00	103692.929992	2279694.27598	4	49.976
	183505.00	103692.927959	2279694.28121	4	49.975
	183506.00	103692.925464	2279694.27834	4	49.986
	183507.00	103692.929282	2279694.28046	4	49.970
	183508.00	103692.92322	2279694.27893	4	49.983
	183509.00	103692.921518	2279694.27993	4	49.986
	183510.00	103692.919301	2279694.27972	4	50.014
	183511.00	103692.917472	2279694.28443	4	50.001
	183512.00	103692.917951	2279694.28126	4	49.994
	183513.00	103692.916743	2279694.27327	4	49.973
	183514.00	103692.920296	2279694.27233	4	49.977
	183515.00	103692.916861	2279694.26983	4	49.977
	183516.00	103692.91579	2279694.27403	4	49.976
	183517.00	103692.915443	2279694.27336	4	49.969
	183518.00	103692.91733	2279694.27237	4	49.965
	183519.00	103692.917976	2279694.26974	4	49.957
	183520.00	103692.918109	2279694.26047	4	49.940
	183521.00	103692.924845	2279694.25858	4	49.940
	183522.00	103692.925712	2279694.26033	4	49.922
	183523.00	103692.925214	2279694.26403	4	49.938
	183524.00	103692.926523	2279694.26367	4	49.944
	183525.00	103692.922955	2279694.27044	4	49.951
	183526.00	103692.924653	2279694.26957	4	49.961
	183527.00	103692.926713	2279694.26355	4	49.944
	183528.00	103692.92375	2279694.26888	4	49.943
	183529.00	103692.917576	2279694.28138	4	49.961
	183530.00	103692.91918	2279694.27786	4	49.950
	183531.00	103692.917053	2279694.28044	4	49.965
	183532.00	103692.919081	2279694.27534	4	49.950
	183533.00	103692.92305	2279694.27309	4	49.947
	183534.00	103692.916161	2279694.27405	4	49.954
	183535.00	103692.921048	2279694.28283	4	49.943
	183536.00	103692.925071	2279694.27899	4	49.957
	183537.00	103692.917449	2279694.28509	4	49.968
	183538.00	103692.917982	2279694.28577	4	49.966
	183539.00	103692.921138	2279694.28018	4	49.953
	183540.00	103692.922276	2279694.27942	4	49.968
	183541.00	103692.922578	2279694.28142	4	49.959
	183542.00	103692.919265	2279694.28078	4	49.967
	183543.00	103692.915665	2279694.28847	4	49.964
	183544.00	103692.913999	2279694.28841	4	49.968
	183545.00	103692.92288	2279694.28342	4	49.968
	183546.00	103692.925738	2279694.28113	4	49.961
	183547.00	103692.924672	2279694.2852	4	49.963
	183548.00	103692.925647	2279694.28378	4	49.964
	183549.00	103692.927096	2279694.28476	4	49.949
	183550.00	103692.933445	2279694.27795	4	49.949
	183551.00	103692.924487	2279694.2852	4	49.959
	183552.00	103692.929269	2279694.28086	4	49.964
	183553.00	103692.921583	2279694.28881	4	49.953
	183554.00	103692.925177	2279694.28668	4	49.969
	183555.00	103692.927214	2279694.28132	4	49.961
	183556.00	103692.927277	2279694.28489	4	49.959
	183557.00	103692.923768	2279694.28994	4	49.947
	183558.00	103692.932752	2279694.28733	4	49.957
	183559.00	103692.924658	2279694.2856	4	49.956
	183600.00	103692.93009	2279694.28393	4	49.965
	183601.00	103692.924891	2279694.29501	4	49.962
	183602.00	103692.923632	2279694.29391	4	49.975
	183603.00	103692.917045	2279694.29686	4	49.969
	183604.00	103692.922056	2279694.29664	4	49.977
	183605.00	103692.92299	2279694.2964	4	49.972
	183606.00	103692.926552	2279694.2952	4	49.974
	183607.00	103692.918962	2279694.30037	4	49.972
	183608.00	103692.922845	2279694.30064	4	49.984
	183609.00	103692.924634	2279694.29169	4	49.972
	183610.00	103692.927018	2279694.29244	4	49.975
	183611.00	103692.917117	2279694.29475	4	49.987
	183612.00	103692.919437	2279694.29734	4	49.986
	183613.00	103692.920247	2279694.28995	4	49.976
	183614.00	103692.919176	2279694.29415	4	49.982
	183615.00	103692.91607	2279694.29286	4	49.976
	183616.00	103692.919032	2279694.29296	4	49.979
	183617.00	103692.919854	2279694.2906	4	49.980
	183618.00	103692.921524	2279694.29053	4	49.978
	183619.00	103692.917313	2279694.28906	4	49.969
	183620.00	103692.918563	2279694.29042	4	49.973
	183621.00	103692.922504	2279694.28897	4	49.976
	183622.00	103692.918525	2279694.29691	4	49.979
	183623.00	103692.914833	2279694.29652	4	49.985
	183624.00	103692.911261	2279694.29799	4	49.992
	183625.00	103692.913804	2279694.2941	4	49.972
	183626.00	103692.916905	2279694.29553	4	49.973
	183627.00	103692.919452	2279694.29151	4	49.970
	183628.00	103692.924305	2279694.29049	4	49.970
	183629.00	103692.919036	2279694.29282	4	49.969
	183630.00	103692.920666	2279694.29394	4	49.982
	183631.00	103692.921159	2279694.29038	4	49.976
	183632.00	103692.922427	2279694.29122	4	49.978
	183633.00	103692.919249	2279694.29204	4	49.984
	183634.00	103692.919086	2279694.29137	4	49.985
	183635.00	103692.919258	2279694.29177	4	49.980
	183636.00	103692.922648	2279694.29017	4	49.976
	183637.00	103692.922532	2279694.28818	4	49.973
	183638.00	103692.924947	2279694.28799	4	49.974
	183639.00	103692.925823	2279694.28405	4	49.962
	183640.00	103692.92818	2279694.28559	4	49.966
	183641.00	103692.930099	2279694.28367	4	49.973
	183642.00	103692.925552	2279694.28656	4	49.977
	183643.00	103692.92273	2279694.28779	4	49.987
	183644.00	103692.932772	2279694.28137	4	49.978
	183645.00	103692.921855	2279694.2863	4	49.982
	183646.00	103692.930645	2279694.28395	4	49.976
	183647.00	103692.923791	2279694.28928	4	49.985
	183648.00	103692.928667	2279694.28759	4	49.983
	183649.00	103692.927286	2279694.28463	4	49.974
	183650.00	103692.937264	2279694.28007	4	49.961
	183651.00	103692.936762	2279694.2839	4	49.959
	183652.00	103692.93622	2279694.28348	4	49.962
	183653.00	103692.934301	2279694.2854	4	49.959
	183654.00	103692.939822	2279694.28652	4	49.958
	183655.00	103692.929528	2279694.28948	4	49.956
	183656.00	103692.932015	2279694.29261	4	49.959
	183657.00	103692.930102	2279694.28897	4	49.968
	183658.00	103692.929076	2279694.29184	4	49.966
	183659.00	103692.927424	2279694.29139	4	49.967
	183700.00	103692.931203	2279694.28927	4	49.963
	183701.00	103692.925836	2279694.28908	4	49.968
	183702.00	103692.924634	2279694.29169	4	49.968
	183703.00	103692.925153	2279694.29277	4	49.971
	183704.00	103692.922752	2279694.29255	4	49.978
	183705.00	103692.921113	2279694.2917	4	49.981
	183706.00	103692.92072	2279694.29235	4	49.977
	183707.00	103692.918829	2279694.29348	4	49.979
	183708.00	103692.920327	2279694.293	4	49.973
	183709.00	103692.920734	2279694.29196	4	49.970
	183710.00	103692.917573	2279694.29768	4	49.976
	183711.00	103692.917387	2279694.29767	4	49.982
	183712.00	103692.918448	2279694.29916	4	49.987
	183713.00	103692.918227	2279694.30022	4	49.986
	183714.00	103692.91393	2279694.29583	4	49.991
	183715.00	103692.920485	2279694.2938	4	49.973
	183716.00	103692.924437	2279694.28665	4	49.984
	183717.00	103692.921389	2279694.28906	4	49.983
	183718.00	103692.922125	2279694.28922	4	49.977
	183719.00	103692.92389	2279694.2918	4	49.984
	183720.00	103692.922518	2279694.28857	4	49.986
	183721.00	103692.926987	2279694.28793	4	49.986
	183722.00	103692.929636	2279694.29173	4	49.988
	183723.00	103692.928767	2279694.30084	4	50.001
	183724.00	103692.931771	2279694.29432	4	50.000
	183725.00	103692.925509	2279694.29861	4	50.000
	183726.00	103692.928895	2279694.29714	4	50.004
	183727.00	103692.93039	2279694.29136	4	49.996
	183728.00	103692.93137	2279694.2898	4	49.995
	183729.00	103692.920394	2279694.29645	4	49.993
	183730.00	103692.926164	2279694.29572	4	49.992
	183731.00	103692.927885	2279694.28876	4	49.984
	183732.00	103692.926535	2279694.2903	4	49.997
	183733.00	103692.92546	2279694.29464	4	49.992
	183734.00	103692.925862	2279694.29372	4	49.988
	183735.00	103692.922923	2279694.29296	4	49.991
	183736.00	103692.924548	2279694.29421	4	49.990
	183737.00	103692.92086	2279694.29368	4	49.987
	183738.00	103692.921826	2279694.29252	4	49.985
	183739.00	103692.921849	2279694.29186	4	49.994
	183740.00	103692.920431	2279694.29539	4	49.992
	183741.00	103692.92193	2279694.29491	4	49.990
	183742.00	103692.918373	2279694.29055	4	49.991
	183743.00	103692.922987	2279694.29111	4	49.990
	183744.00	103692.921682	2279694.29133	4	49.993
	183745.00	103692.921077	2279694.29276	4	49.992
	183746.00	103692.922368	2279694.29294	4	49.983
	183747.00	103692.923989	2279694.28889	4	49.999
	183748.00	103692.919388	2279694.29337	4	49.999
	183749.00	103692.919136	2279694.28991	4	49.998
	183750.00	103692.924419	2279694.28718	4	49.992
	183751.00	103692.9231	2279694.2878	4	50.004
	183752.00	103692.924373	2279694.2885	4	50.003
	183753.00	103692.926383	2279694.28394	4	50.009
	183754.00	103692.925616	2279694.28471	4	50.005
	183755.00	103692.920025	2279694.291	4	50.012
	183756.00	103692.919673	2279694.29046	4	50.005
	183757.00	103692.922081	2279694.28511	4	49.996
	183758.00	103692.923237	2279694.28383	4	49.994
	183759.00	103692.92246	2279694.28486	4	50.002
	183800.00	103692.923702	2279694.28106	4	49.996
	183801.00	103692.925188	2279694.28098	4	49.996
	183802.00	103692.925089	2279694.27846	4	49.991
	183803.00	103692.924981	2279694.27621	4	49.991
	183804.00	103692.929952	2279694.27174	4	49.983
	183805.00	103692.923493	2279694.27099	4	49.980
	183806.00	103692.922115	2279694.27332	4	49.984
	183807.00	103692.923031	2279694.27362	4	49.984
	183808.00	103692.91793	2279694.27649	4	49.981
	183809.00	103692.918744	2279694.26897	4	49.981
	183810.00	103692.91378	2279694.2786	4	49.991
	183811.00	103692.916179	2279694.27352	4	49.991
	183812.00	103692.913767	2279694.279	4	49.987
