0
	183323.00	103693.284419	2279694.60688	50.047
	183324.00	103693.287476	2279694.6042	50.037
	183325.00	103693.287123	2279694.60909	50.04
	183326.00	103693.286545	2279694.60974	50.035
	183327.00	103693.284189	2279694.6082	50.042
	183328.00	103693.28093	2279694.60597	50.041
	183329.00	103693.279033	2279694.60723	50.048
	183330.00	103693.28074	2279694.60609	50.041
	183331.00	103693.27883	2279694.60775	50.042
	183332.00	103693.281594	2279694.60281	50.037
	183333.00	103693.276419	2279694.6078	50.044
	183334.00	103693.280464	2279694.60873	50.047
	183335.00	103693.279038	2279694.60709	50.05
	183336.00	103693.285349	2279694.60678	50.043
	183337.00	103693.279317	2279694.60975	50.048
	183338.00	103693.285213	2279694.61075	50.045
	183339.00	103693.282752	2279694.61225	50.046
	183340.00	103693.286742	2279694.61478	50.048
	183341.00	103693.281482	2279694.61685	50.047
	183342.00	103693.285447	2279694.61473	50.034
	183343.00	103693.280814	2279694.62014	50.045
	183344.00	103693.283455	2279694.61877	50.031
	183345.00	103693.282714	2279694.61874	50.022
	183346.00	103693.279806	2279694.62249	50.023
	183347.00	103693.277567	2279694.62294	50.024
	183348.00	103693.280704	2279694.62331	50.017
	183349.00	103693.278167	2279694.62707	50.023
	183350.00	103693.278039	2279694.63077	50.026
	183351.00	103693.281773	2279694.62997	50.024
	183352.00	103693.280251	2279694.63111	50.033
	183353.00	103693.28207	2279694.6321	50.03
	183354.00	103693.285334	2279694.6342	50.025
	183355.00	103693.291551	2279694.63123	50.015
	183356.00	103693.289299	2279694.62665	50.015
	183357.00	103693.293881	2279694.62814	50.019
	183358.00	103693.293574	2279694.62627	50.009
	183359.00	103693.292793	2279694.62744	50.029
	183400.00	103693.293642	2279694.64588	50.057
	183401.00	103693.294878	2279694.64764	50.063
	183402.00	103693.29664	2279694.64492	50.056
	183403.00	103693.293945	2279694.64244	50.071
	183404.00	103693.285313	2279694.64559	50.085
	183405.00	103693.286179	2279694.64734	50.075
	183406.00	103693.276826	2279694.64451	50.068
	183407.00	103693.275824	2279694.64672	50.068
	183408.00	103693.280135	2279694.64528	50.07
	183409.00	103693.278695	2279694.64404	50.077
	183410.00	103693.284492	2279694.64252	50.081
	183411.00	103693.279161	2279694.64127	50.072
	183412.00	103693.276553	2279694.63628	50.065
	183413.00	103693.276937	2279694.6359	50.042
	183414.00	103693.278399	2279694.63648	50.059
	183415.00	103693.284286	2279694.63774	50.055
	183416.00	103693.283645	2279694.63481	50.059
	183417.00	103693.287031	2279694.63333	50.056
	183418.00	103693.284238	2279694.62833	50.067
	183419.00	103693.277313	2279694.63035	50.09
	183420.00	103693.27367	2279694.6285	50.08
	183421.00	103693.274612	2279694.63344	50.059
	183422.00	103693.280649	2279694.63033	50.062
	183423.00	103693.280255	2279694.63641	50.077
	183424.00	103693.284105	2279694.6376	50.061
	183425.00	103693.290087	2279694.63609	50.077
	183426.00	103693.300163	2279694.63405	50.114
	183427.00	103693.281791	2279694.62944	50.105
	183428.00	103693.285458	2279694.6252	50.098
	183429.00	103693.288794	2279694.62518	50.11
	183430.00	103693.285459	2279694.61977	50.105
	183431.00	103693.278412	2279694.61992	50.098
	183432.00	103693.275799	2279694.61506	50.092
	183433.00	103693.277398	2279694.61167	50.09
	183434.00	103693.281479	2279694.61155	50.088
	183435.00	103693.28585	2279694.60839	50.084
	183436.00	103693.281254	2279694.6073	50.093
	183437.00	103693.279754	2279694.61321	50.094
	183438.00	103693.274897	2279694.61437	50.091
	183439.00	103693.282079	2279694.61568	50.075
	183440.00	103693.282514	2279694.62457	50.074
	183441.00	103693.285491	2279694.61884	50.061
	183442.00	103693.281372	2279694.62545	50.076
	183443.00	103693.275051	2279694.63146	50.062
	183444.00	103693.280636	2279694.6253	50.064
	183445.00	103693.280456	2279694.62516	50.05
	183446.00	103693.276669	2279694.62211	50.058
	183447.00	103693.272768	2279694.62238	50.061
	183448.00	103693.290115	2279694.6137	50.054
	183449.00	103693.285356	2279694.61738	50.064
	183450.00	103693.284619	2279694.62265	50.053
	183451.00	103693.287789	2279694.61667	50.05
	183452.00	103693.282863	2279694.61981	50.055
	183453.00	103693.278344	2279694.62191	50.046
	183454.00	103693.275991	2279694.62567	50.056
	183455.00	103693.274556	2279694.62429	50.062
	183456.00	103693.282528	2279694.62417	50.041
	183457.00	103693.281815	2279694.62335	50.046
	183458.00	103693.279585	2279694.62354	50.047
	183459.00	103693.28088	2279694.62358	50.054
	183500.00	103693.280339	2279694.62317	50.056
	183501.00	103693.275689	2279694.62367	50.054
	183502.00	103693.279268	2279694.62737	50.054
	183503.00	103693.282624	2279694.62139	50.047
	183504.00	103693.27862	2279694.61927	50.05
	183505.00	103693.28592	2279694.61713	50.047
	183506.00	103693.286791	2279694.61875	50.04
	183507.00	103693.285495	2279694.61871	50.05
	183508.00	103693.283414	2279694.61996	50.054
	183509.00	103693.287636	2279694.61573	50.05
	183510.00	103693.29233	2279694.61934	50.065
	183511.00	103693.299824	2279694.61695	50.076
	183512.00	103693.291228	2279694.61904	50.054
	183513.00	103693.28777	2279694.62263	50.06
	183514.00	103693.282953	2279694.62259	50.066
	183515.00	103693.278661	2279694.61807	50.066
	183516.00	103693.286592	2279694.61914	50.061
	183517.00	103693.287083	2279694.62644	50.052
	183518.00	103693.285349	2279694.62837	50.055
	183519.00	103693.279732	2279694.63003	50.043
	183520.00	103693.29566	2279694.62489	50.039
	183521.00	103693.287985	2279694.62714	50.039
	183522.00	103693.290414	2279694.62656	50.031
	183524.00	103693.291394	2279694.625	50.031
	183525.00	103693.283002	2279694.62657	50.031
	183527.00	103693.280113	2279694.62435	50.034
	183528.00	103693.280397	2279694.62688	50.044
	183529.00	103693.27678	2279694.62967	50.036
	183530.00	103693.283646	2279694.62937	50.039
	183531.00	103693.282586	2279694.62788	50.03
	183532.00	103693.286054	2279694.62403	50.031
	183533.00	103693.286605	2279694.62418	50.027
	183534.00	103693.286626	2279694.62895	50.041
	183535.00	103693.289623	2279694.63342	50.041
	183536.00	103693.284677	2279694.64252	50.039
	183537.00	103693.28174	2279694.63633	50.039
	183538.00	103693.276218	2279694.64064	50.044
	183539.00	103693.276674	2279694.63814	50.041
	183540.00	103693.286634	2279694.63411	50.044
	183541.00	103693.283985	2279694.63031	50.043
	183542.00	103693.283565	2279694.63176	50.043
	183543.00	103693.282088	2279694.63157	50.046
	183544.00	103693.282404	2279694.63317	50.046
	183545.00	103693.290134	2279694.62933	50.043
	183546.00	103693.295334	2279694.62898	50.035
	183547.00	103693.287823	2279694.62647	50.037
	183548.00	103693.289069	2279694.62797	50.047
	183549.00	103693.289471	2279694.62706	50.047
	183550.00	103693.293691	2279694.62826	50.044
	183551.00	103693.289601	2279694.62865	50.041
	183552.00	103693.292992	2279694.62705	50.044
	183553.00	103693.293785	2279694.63091	50.038
	183554.00	103693.2924	2279694.62808	50.043
	183555.00	103693.295656	2279694.62502	50.043
	183556.00	103693.291872	2279694.62727	50.041
	183557.00	103693.294206	2279694.62947	50.038
	183558.00	103693.287943	2279694.63376	50.039
	183559.00	103693.295195	2279694.62765	50.034
	183600.00	103693.289776	2279694.63435	50.046
	183601.00	103693.295121	2279694.6352	50.037
	183602.00	103693.292512	2279694.63021	50.032
	183603.00	103693.298381	2279694.632	50.026
	183604.00	103693.298705	2279694.63334	50.029
	183605.00	103693.302507	2279694.63055	50.022
	183606.00	103693.297727	2279694.62946	50.024
	183607.00	103693.302846	2279694.63149	50.028
	183608.00	103693.305617	2279694.63172	50.022
	183609.00	103693.303188	2279694.6323	50.025
	183610.00	103693.302318	2279694.63068	50.037
	183611.00	103693.300864	2279694.62983	50.037
	183612.00	103693.301419	2279694.62985	50.033
	183613.00	103693.304287	2279694.6273	50.031
	183614.00	103693.305749	2279694.62788	50.031
	183615.00	103693.305086	2279694.62561	50.029
	183616.00	103693.307058	2279694.62753	50.032
	183617.00	103693.307392	2279694.6286	50.031
	183618.00	103693.306837	2279694.62858	50.035
	183619.00	103693.304549	2279694.62506	50.027
	183620.00	103693.308132	2279694.62863	50.028
	183621.00	103693.310719	2279694.62885	50.029
	183622.00	103693.312118	2279694.63128	50.019
	183623.00	103693.308773	2279694.63156	50.031
	183624.00	103693.311373	2279694.63139	50.027
	183625.00	103693.308114	2279694.62915	50.021
	183626.00	103693.308331	2279694.62823	50.022
	183627.00	103693.310877	2279694.62965	50.029
	183628.00	103693.30802	2279694.6265	50.02
	183629.00	103693.307447	2279694.62701	50.031
	183630.00	103693.308142	2279694.62836	50.029
	183631.00	103693.307008	2279694.62898	50.03
	183632.00	103693.309094	2279694.6276	50.032
	183633.00	103693.305726	2279694.62854	50.035
	183634.00	103693.308914	2279694.62746	50.033
	183635.00	103693.305578	2279694.62748	50.028
	183636.00	103693.306661	2279694.62831	50.024
	183637.00	103693.305966	2279694.62696	50.026
	183638.00	103693.304476	2279694.62717	50.026
	183639.00	103693.30709	2279694.6266	50.024
	183640.00	103693.309062	2279694.62852	50.029
	183641.00	103693.310842	2279694.62527	50.03
	183642.00	103693.306693	2279694.62738	50.033
	183643.00	103693.305406	2279694.62707	50.03
	183644.00	103693.309866	2279694.6267	50.029
	183645.00	103693.303939	2279694.62663	50.029
	183646.00	103693.307262	2279694.62701	50.029
	183647.00	103693.304901	2279694.6256	50.026
	183648.00	103693.30607	2279694.62392	50.026
	183649.00	103693.302775	2279694.62274	50.023
	183650.00	103693.306007	2279694.62577	50.016
	183651.00	103693.304042	2279694.62901	50.019
	183652.00	103693.303836	2279694.62424	50.017
	183653.00	103693.302956	2279694.62288	50.017
	183654.00	103693.303845	2279694.62397	50.012
	183655.00	103693.295747	2279694.62237	50.016
	183656.00	103693.297484	2279694.62574	50.019
	183657.00	103693.295539	2279694.62303	50.024
	183658.00	103693.295069	2279694.62592	50.009
	183659.00	103693.295873	2279694.6241	50.008
	183700.00	103693.294939	2279694.6189	50.018
	183701.00	103693.294375	2279694.61914	50.011
	183702.00	103693.29214	2279694.61947	50.016
	183703.00	103693.296217	2279694.61947	50.009
	183704.00	103693.295761	2279694.61654	50.013
	183705.00	103693.294443	2279694.61716	50.013
	183706.00	103693.296922	2279694.61513	50.014
	183707.00	103693.290479	2279694.61928	50.021
	183708.00	103693.294144	2279694.62046	50.022
	183709.00	103693.293707	2279694.617	50.02
	183710.00	103693.293771	2279694.61515	50.017
	183711.00	103693.291934	2279694.61469	50.018
	183712.00	103693.297577	2279694.61223	50.02
	183713.00	103693.294364	2279694.60868	50.025
	183714.00	103693.298319	2279694.60683	50.019
	183715.00	103693.295321	2279694.60778	50.018
	183716.00	103693.292829	2279694.61022	50.027
	183717.00	103693.292269	2279694.61033	50.018
	183718.00	103693.291014	2279694.60909	50.01
	183719.00	103693.292806	2279694.61088	50.017
	183720.00	103693.284635	2279694.61139	50.014
	183721.00	103693.293559	2279694.61594	50.011
	183722.00	103693.296309	2279694.6114	50.024
	183723.00	103693.291906	2279694.61548	50.011
	183724.00	103693.300285	2279694.61431	50.01
	183725.00	103693.306109	2279694.612	50.002
	183726.00	103693.308132	2279694.61246	49.996
	183727.00	103693.313097	2279694.61356	49.998
	183728.00	103693.302475	2279694.61532	49.998
	183729.00	103693.301643	2279694.61794	50.0
	183730.00	103693.312774	2279694.60679	50.005
	183731.00	103693.313126	2279694.60734	50.003
	183732.00	103693.318169	2279694.60618	50.005
	183733.00	103693.321703	2279694.60578	50.002
	183734.00	103693.329126	2279694.60007	50.009
	183735.00	103693.331722	2279694.60003	50.008
	183736.00	103693.332951	2279694.59662	50.012
	183737.00	103693.337164	2279694.59266	50.016
	183738.00	103693.337106	2279694.58895	50.029
	183739.00	103693.341069	2279694.59227	50.014
	183740.00	103693.337511	2279694.59334	50.013
	183741.00	103693.34161	2279694.59268	50.013
	183742.00	103693.341777	2279694.59322	50.015
	183743.00	103693.34281	2279694.59551	50.009
	183744.00	103693.340296	2279694.59317	50.012
	183745.00	103693.339876	2279694.59461	49.996
	183746.00	103693.347877	2279694.58826	50.001
	183747.00	103693.347385	2279694.58639	50.014
	183748.00	103693.342158	2279694.58754	50.018
	183749.00	103693.346	2279694.58356	50.01
	183750.00	103693.347141	2279694.5881	50.007
	183751.00	103693.346929	2279694.58889	50.01
	183752.00	103693.350112	2279694.58794	50.017
	183753.00	103693.352456	2279694.58444	50.013
	183754.00	103693.356907	2279694.58433	50.027
	183755.00	103693.349569	2279694.59296	50.019
	183756.00	103693.352472	2279694.58935	50.012
	183757.00	103693.353863	2279694.58661	50.014
	183758.00	103693.346636	2279694.58663	50.016
	183759.00	103693.342039	2279694.59098	50.031
	183800.00	103693.347111	2279694.5836	50.029
	183801.00	103693.346249	2279694.58171	50.043
	183802.00	103693.350894	2279694.58134	50.049
	183803.00	103693.349121	2279694.57903	50.058
	183804.00	103693.3541	2279694.57973	50.058
	183805.00	103693.347332	2279694.58255	50.047
	183806.00	103693.353956	2279694.57854	50.038
	183807.00	103693.348786	2279694.58339	50.031
	183808.00	103693.345671	2279694.58236	50.032
	183809.00	103693.349188	2279694.58248	50.034
1
	183323.00	103692.594035	2279693.91988	49.986
	183324.00	103692.59701	2279693.91959	49.981
	183325.00	103692.596568	2279693.91626	49.974
	183326.00	103692.598915	2279693.91806	49.972
	183327.00	103692.597105	2279693.91681	49.972
	183328.00	103692.598382	2279693.91738	49.974
	183329.00	103692.595339	2279693.91966	49.973
	183330.00	103692.59525	2279693.91688	49.968
	183331.00	103692.591173	2279693.91687	49.968
	183332.00	103692.595818	2279693.9165	49.962
	183333.00	103692.59423	2279693.91419	49.963
	183334.00	103692.59469	2279693.91699	49.968
	183335.00	103692.594744	2279693.9154	49.968
	183336.00	103692.594059	2279693.91379	49.968
	183337.00	103692.591522	2279693.91211	49.962
	183338.00	103692.594627	2279693.91341	49.964
	183339.00	103692.593133	2279693.91376	49.963
	183340.00	103692.595814	2279693.91663	49.963
	183341.00	103692.59617	2279693.91704	49.963
	183342.00	103692.595579	2279693.91808	49.959
	183343.00	103692.590392	2279693.91803	49.965
	183344.00	103692.593588	2279693.91669	49.963
	183345.00	103692.590917	2279693.91355	49.965
	183346.00	103692.587617	2279693.91251	49.963
	183347.00	103692.590041	2279693.91206	49.963
	183348.00	103692.589477	2279693.91231	49.959
	183349.00	103692.586506	2279693.91247	49.963
	183350.00	103692.585315	2279693.90938	49.962
	183351.00	103692.587526	2279693.91515	49.961
	183352.00	103692.58517	2279693.91362	49.96
	183353.00	103692.58623	2279693.91511	49.971
	183354.00	103692.586546	2279693.91671	49.971
	183355.00	103692.589372	2279693.91535	49.972
	183356.00	103692.588627	2279693.91546	49.976
	183357.00	103692.58762	2279693.91781	49.971
	183358.00	103692.59254	2279693.92023	49.968
	183359.00	103692.589737	2279693.92093	49.967
	183400.00	103692.587687	2279693.92125	49.974
	183401.00	103692.587614	2279693.92337	49.972
	183402.00	103692.588896	2279693.92381	49.979
	183403.00	103692.585908	2279693.9245	49.977
	183404.00	103692.587484	2279693.92178	49.97
	183405.00	103692.586951	2279693.9211	49.978
	183406.00	103692.583876	2279693.9243	50.002
	183407.00	103692.580545	2279693.92419	50.003
	183408.00	103692.58222	2279693.92398	50.015
	183409.00	103692.583582	2279693.92747	49.995
	183410.00	103692.579925	2279693.93145	49.998
	183411.00	103692.580065	2279693.92735	50.015
	183412.00	103692.574423	2279693.92437	50.007
	183413.00	103692.587234	2279693.92905	49.994
	183414.00	103692.588878	2279693.92434	49.988
	183415.00	103692.591234	2279693.92588	49.991
	183416.00	103692.595875	2279693.92564	49.971
	183417.00	103692.593513	2279693.92967	49.986
	183418.00	103692.602597	2279693.92415	49.97
	183419.00	103692.590719	2279693.9301	49.984
	183420.00	103692.586719	2279693.92784	49.978
	183421.00	103692.593744	2279693.92835	49.981
	183422.00	103692.582353	2279693.93087	49.976
	183423.00	103692.584169	2279693.92656	49.972
	183424.00	103692.584065	2279693.92961	49.978
	183425.00	103692.591887	2279693.93385	49.982
	183426.00	103692.590353	2279693.92996	49.988
	183427.00	103692.585076	2279693.92712	49.992
	183428.00	103692.584242	2279693.92445	49.983
	183429.00	103692.57914	2279693.92732	50.012
	183430.00	103692.583438	2279693.92627	50.008
	183431.00	103692.58012	2279693.92576	50.008
	183432.00	103692.579537	2279693.92654	50.007
	183433.00	103692.580593	2279693.92816	50.002
	183434.00	103692.577207	2279693.92964	49.998
	183435.00	103692.579185	2279693.926	49.998
	183436.00	103692.579185	2279693.926	50.005
	183437.00	103692.577753	2279693.92992	50.001
	183438.00	103692.574052	2279693.92979	50.0
	183439.00	103692.581045	2279693.92579	49.991
	183440.00	103692.5831	2279693.92533	49.987
	183441.00	103692.579411	2279693.92481	49.993
	183442.00	103692.575984	2279693.92747	49.984
	183443.00	103692.575004	2279693.92903	49.997
	183444.00	103692.575176	2279693.92943	49.984
	183445.00	103692.576761	2279693.92644	49.99
	183446.00	103692.574395	2279693.9306	49.996
	183447.00	103692.576558	2279693.92696	49.996
	183448.00	103692.574662	2279693.92822	49.989
	183449.00	103692.580475	2279693.9316	49.986
	183450.00	103692.579274	2279693.93421	49.999
	183451.00	103692.577356	2279693.9307	49.993
	183452.00	103692.578941	2279693.92771	49.986
	183453.00	103692.579768	2279693.92522	49.991
	183454.00	103692.578855	2279693.93022	49.995
	183455.00	103692.577342	2279693.9311	49.999
	183456.00	103692.580765	2279693.92857	49.991
	183457.00	103692.577112	2279693.93242	49.992
	183458.00	103692.573144	2279693.92923	50.003
	183459.00	103692.573076	2279693.93122	49.997
	183500.00	103692.575668	2279693.93131	49.996
	183501.00	103692.57522	2279693.93354	50.003
	183502.00	103692.575704	2279693.93025	49.991
	183503.00	103692.577767	2279693.92952	49.997
	183504.00	103692.574991	2279693.92943	49.995
	183505.00	103692.574445	2279693.92914	49.985
	183506.00	103692.5749	2279693.93207	49.981
	183507.00	103692.572797	2279693.92856	49.987
	183508.00	103692.575302	2279693.93116	49.999
	183509.00	103692.573668	2279693.93018	49.985
	183510.00	103692.576042	2279693.93119	49.993
	183511.00	103692.576236	2279693.93093	49.999
	183512.00	103692.57644	2279693.9304	49.987
	183513.00	103692.577162	2279693.93096	49.992
	183514.00	103692.580386	2279693.92882	49.978
	183515.00	103692.576517	2279693.92816	49.978
	183516.00	103692.580399	2279693.92842	49.99
	183517.00	103692.576719	2279693.93306	49.98
	183518.00	103692.56998	2279693.92965	49.969
	183519.00	103692.565353	2279693.92949	49.985
	183520.00	103692.573641	2279693.93097	49.985
	183521.00	103692.576638	2279693.93001	49.977
	183522.00	103692.574147	2279693.92701	49.966
	183524.00	103692.574364	2279693.92609	49.965
	183525.00	103692.572229	2279693.9235	49.964
	183527.00	103692.569764	2279693.92514	49.976
	183528.00	103692.572031	2279693.92389	49.978
	183529.00	103692.565832	2279693.92633	49.989
	183530.00	103692.569769	2279693.92501	49.984
	183531.00	103692.566202	2279693.92634	49.993
	183532.00	103692.562848	2279693.92689	49.995
	183533.00	103692.565254	2279693.92697	49.985
	183534.00	103692.566111	2279693.92899	49.982
	183535.00	103692.564712	2279693.92656	49.974
	183536.00	103692.565867	2279693.9307	49.98
	183537.00	103692.563361	2279693.93353	49.983
	183538.00	103692.564738	2279693.9312	49.978
	183539.00	103692.565136	2279693.93041	49.976
	183540.00	103692.563271	2279693.93075	49.964
	183541.00	103692.569006	2279693.92565	49.962
	183542.00	103692.567363	2279693.92493	49.966
	183543.00	103692.568139	2279693.92389	49.959
	183544.00	103692.568505	2279693.92404	49.965
	183545.00	103692.572099	2279693.92191	49.964
	183546.00	103692.574757	2279693.92545	49.957
	183547.00	103692.572916	2279693.91969	49.949
	183548.00	103692.574071	2279693.92383	49.949
	183549.00	103692.577579	2279693.92422	49.951
	183550.00	103692.579407	2279693.92494	49.962
	183551.00	103692.577375	2279693.92474	49.974
	183552.00	103692.576382	2279693.92669	49.981
	183553.00	103692.573745	2279693.92793	49.967
	183554.00	103692.574003	2279693.92582	49.966
	183555.00	103692.575534	2279693.92441	49.966
	183556.00	103692.577453	2279693.92249	49.958
	183557.00	103692.575963	2279693.92271	49.957
	183558.00	103692.573267	2279693.92566	49.964
	183559.00	103692.577976	2279693.92344	49.962
	183600.00	103692.584961	2279693.9197	49.954
	183601.00	103692.578969	2279693.92692	49.96
	183602.00	103692.579898	2279693.92681	49.963
	183603.00	103692.577727	2279693.92528	49.968
	183604.00	103692.581045	2279693.92579	49.969
	183605.00	103692.586047	2279693.92583	49.958
	183606.00	103692.580834	2279693.92115	49.959
	183607.00	103692.582265	2279693.92266	49.958
	183608.00	103692.583881	2279693.92417	49.961
	183609.00	103692.588462	2279693.92565	49.961
	183610.00	103692.58017	2279693.92431	49.965
	183611.00	103692.581118	2279693.92368	49.966
	183612.00	103692.576165	2279693.92761	49.97
	183613.00	103692.576499	2279693.92868	49.975
	183614.00	103692.575587	2279693.92826	49.976
	183615.00	103692.576079	2279693.93013	49.98
	183616.00	103692.579095	2279693.92864	49.976
	183617.00	103692.576905	2279693.92764	49.977
	183618.00	103692.577072	2279693.92817	49.978
	183619.00	103692.57742	2279693.92885	49.976
	183620.00	103692.57681	2279693.93042	49.976
	183621.00	103692.578529	2279693.93432	49.97
	183622.00	103692.579888	2279693.93251	49.964
	183623.00	103692.582023	2279693.9351	49.957
	183624.00	103692.578019	2279693.93298	49.963
	183625.00	103692.576927	2279693.93241	49.963
	183626.00	103692.578556	2279693.93352	49.961
	183627.00	103692.581834	2279693.9298	49.96
	183628.00	103692.576846	2279693.92936	49.954
	183629.00	103692.57853	2279693.92889	49.951
	183630.00	103692.577893	2279693.93125	49.968
	183631.00	103692.579545	2279693.9317	49.966
	183632.00	103692.579965	2279693.93026	49.961
	183633.00	103692.580313	2279693.93094	49.956
	183634.00	103692.578268	2279693.93113	49.968
	183635.00	103692.577911	2279693.93072	49.968
	183636.00	103692.577166	2279693.93083	49.958
	183637.00	103692.577577	2279693.92965	49.963
	183638.00	103692.578706	2279693.92916	49.96
	183639.00	103692.575699	2279693.93038	49.967
	183640.00	103692.579739	2279693.93145	49.974
	183641.00	103692.578999	2279693.93142	49.978
	183642.00	103692.57764	2279693.93323	49.979
	183643.00	103692.572999	2279693.93347	49.986
	183644.00	103692.574407	2279693.93563	49.986
	183645.00	103692.56959	2279693.9356	49.986
	183646.00	103692.573589	2279693.93786	49.993
	183647.00	103692.573093	2279693.93612	49.989
	183648.00	103692.573982	2279693.93721	49.999
	183649.00	103692.571459	2279693.93514	49.996
	183650.00	103692.572298	2279693.93768	49.997
	183651.00	103692.573914	2279693.93919	49.989
	183652.00	103692.573065	2279693.94234	49.995
	183653.00	103692.570438	2279693.93788	49.998
	183654.00	103692.569093	2279693.93929	50.0
	183655.00	103692.565287	2279693.94221	49.998
	183656.00	103692.567292	2279693.93777	49.993
	183657.00	103692.566186	2279693.9376	49.996
	183658.00	103692.566497	2279693.93934	49.991
	183659.00	103692.566502	2279693.9392	49.989
	183700.00	103692.569084	2279693.93956	49.991
	183701.00	103692.571446	2279693.93553	49.987
	183702.00	103692.573829	2279693.93628	49.989
	183703.00	103692.572411	2279693.9398	49.997
	183704.00	103692.572998	2279693.9389	49.998
	183705.00	103692.572628	2279693.93888	50.003
	183706.00	103692.573039	2279693.93771	50.008
	183707.00	103692.571161	2279693.93844	50.006
	183708.00	103692.572614	2279693.93928	50.01
	183709.00	103692.574069	2279693.9347	50.006
	183710.00	103692.576096	2279693.93503	50.005
	183711.00	103692.571342	2279693.93314	50.015
	183712.00	103692.572426	2279693.93398	50.015
	183713.00	103692.569121	2279693.93307	50.021
	183714.00	103692.570557	2279693.93444	50.021
	183715.00	103692.570611	2279693.93285	50.017
	183716.00	103692.563244	2279693.93154	50.044
	183717.00	103692.568358	2279693.9337	50.029
	183718.00	103692.564796	2279693.93491	50.032
	183719.00	103692.563636	2279693.93632	50.03
	183720.00	103692.564408	2279693.93542	50.03
	183721.00	103692.564397	2279693.94112	50.028
	183722.00	103692.560163	2279693.94031	50.034
	183723.00	103692.556443	2279693.94071	50.035
	183724.00	103692.555355	2279693.94001	50.037
	183725.00	103692.556994	2279693.94086	50.032
	183726.00	103692.560045	2279693.94375	50.033
	183727.00	103692.559039	2279693.94067	50.036
	183728.00	103692.557026	2279693.93994	50.037
	183729.00	103692.55815	2279693.93958	50.028
	183730.00	103692.56043	2279693.93794	50.029
	183731.00	103692.561339	2279693.93307	50.034
	183732.00	103692.561528	2279693.93294	50.039
	183733.00	103692.562769	2279693.93457	50.032
	183734.00	103692.56346	2279693.93605	50.032
	183735.00	103692.562751	2279693.9351	50.035
	183736.00	103692.563821	2279693.93633	50.025
	183737.00	103692.563845	2279693.93024	50.031
	183738.00	103692.56444	2279693.9345	50.028
	183739.00	103692.566837	2279693.93484	50.031
	183740.00	103692.56513	2279693.93598	50.036
	183741.00	103692.565631	2279693.93758	50.028
	183742.00	103692.564299	2279693.9386	50.024
	183743.00	103692.564863	2279693.93835	50.022
	183744.00	103692.565373	2279693.9397	50.028
	183745.00	103692.566655	2279693.94014	50.027
	183746.00	103692.566656	2279693.93471	50.019
	183747.00	103692.567961	2279693.93449	50.016
	183748.00	103692.56755	2279693.93566	50.022
	183749.00	103692.567865	2279693.93726	50.009
	183750.00	103692.5667	2279693.93881	50.011
	183751.00	103692.573193	2279693.93321	50.006
	183752.00	103692.57079	2279693.93842	50.013
	183753.00	103692.574809	2279693.93472	50.012
	183754.00	103692.577955	2279693.93483	50.01
	183755.00	103692.573071	2279693.93678	50.01
	183756.00	103692.573125	2279693.93519	50.015
	183757.00	103692.577843	2279693.93271	50.008
	183758.00	103692.576191	2279693.93225	50.017
	183759.00	103692.57973	2279693.93171	50.016
	183800.00	103692.588652	2279693.92553	50.017
	183801.00	103692.587528	2279693.92588	50.014
	183802.00	103692.58384	2279693.92536	50.01
	183803.00	103692.587094	2279693.92772	50.015
	183804.00	103692.593311	2279693.92476	50.0
	183805.00	103692.589018	2279693.92567	50.013
	183806.00	103692.5883	2279693.92498	50.022
	183807.00	103692.591776	2279693.9263	50.018
	183808.00	103692.591225	2279693.92614	50.025
	183809.00	103692.595802	2279693.92776	50.027
2
	183323.00	103692.958641	2279694.27272	49.966
	183324.00	103692.957463	2279694.26924	49.964
	183325.00	103692.960971	2279694.26963	49.965
	183326.00	103692.955779	2279694.26971	49.952
	183327.00	103692.958592	2279694.26875	49.963
	183328.00	103692.949834	2279694.27017	49.964
	183329.00	103692.951356	2279694.26903	49.969
	183330.00	103692.955965	2279694.26972	49.975
	183331.00	103692.955622	2279694.26891	49.968
	183332.00	103692.95592	2279694.26561	49.965
	183333.00	103692.94896	2279694.26325	49.97
	183334.00	103692.952968	2279694.26524	49.972
	183335.00	103692.956782	2279694.26749	49.976
	183336.00	103692.956222	2279694.26761	49.96
	183337.00	103692.950037	2279694.26965	49.96
	183338.00	103692.957734	2279694.27216	49.97
	183339.00	103692.960442	2279694.27424	49.97
	183340.00	103692.965268	2279694.27401	49.97
	183341.00	103692.971385	2279694.27396	49.972
	183342.00	103692.965953	2279694.27563	49.97
	183343.00	103692.966003	2279694.27417	49.978
	183344.00	103692.962461	2279694.26941	49.974
	183345.00	103692.957987	2279694.27019	49.977
	183346.00	103692.956921	2279694.27426	49.971
	183347.00	103692.958857	2279694.27724	49.966
	183348.00	103692.957358	2279694.27771	49.963
	183349.00	103692.961042	2279694.27294	49.955
	183350.00	103692.957741	2279694.27733	49.968
	183351.00	103692.960604	2279694.27491	49.963
	183352.00	103692.957197	2279694.27162	49.961
	183353.00	103692.957489	2279694.27388	49.953
	183354.00	103692.951688	2279694.27553	49.962
	183355.00	103692.960162	2279694.27158	49.958
	183356.00	103692.954939	2279694.2726	49.949
	183357.00	103692.958227	2279694.28477	49.971
	183358.00	103692.950893	2279694.2771	49.947
	183359.00	103692.952956	2279694.27637	49.953
	183400.00	103692.937256	2279694.31266	50.004
	183401.00	103692.931331	2279694.32332	50.024
	183402.00	103692.930433	2279694.32249	50.019
	183403.00	103692.936492	2279694.31873	50.018
	183404.00	103692.93149	2279694.31869	50.015
	183405.00	103692.94075	2279694.31344	50.012
	183406.00	103692.934073	2279694.31361	50.024
	183407.00	103692.932042	2279694.31341	50.03
	183408.00	103692.932083	2279694.31222	50.018
	183409.00	103692.940725	2279694.30337	50.007
	183410.00	103692.938771	2279694.30092	49.99
	183411.00	103692.93674	2279694.30072	50.005
	183412.00	103692.938921	2279694.29655	50.006
	183413.00	103692.938843	2279694.30424	49.991
	183414.00	103692.929669	2279694.30697	50.015
	183415.00	103692.936107	2279694.30295	50.016
	183416.00	103692.943931	2279694.30176	49.997
	183417.00	103692.935142	2279694.29868	50.007
	183418.00	103692.9375	2279694.29478	49.998
	183419.00	103692.939686	2279694.29049	49.973
	183420.00	103692.929013	2279694.2937	49.995
	183421.00	103692.932398	2279694.29766	49.965
	183422.00	103692.934696	2279694.29548	49.969
	183423.00	103692.927363	2279694.30397	49.987
	183424.00	103692.934834	2279694.30224	49.978
	183425.00	103692.920164	2279694.29776	50.014
	183426.00	103692.923063	2279694.29429	50.011
	183427.00	103692.923782	2279694.28954	50.0
	183428.00	103692.924075	2279694.29181	50.001
	183429.00	103692.923413	2279694.2841	49.996
	183430.00	103692.927389	2279694.28702	49.997
	183431.00	103692.924202	2279694.2881	50.004
	183432.00	103692.929357	2279694.28907	49.991
	183433.00	103692.934004	2279694.28327	49.986
	183434.00	103692.939895	2279694.2844	49.977
	183435.00	103692.932739	2279694.28773	49.98
	183436.00	103692.93077	2279694.29111	49.997
	183437.00	103692.927872	2279694.28915	49.979
	183438.00	103692.922203	2279694.30313	49.995
	183439.00	103692.926575	2279694.29454	49.98
	183440.00	103692.924732	2279694.29964	49.993
	183441.00	103692.925264	2279694.30032	50.001
	183442.00	103692.916907	2279694.30626	50.01
	183443.00	103692.912979	2279694.30732	50.015
	183444.00	103692.917755	2279694.30854	50.009
	183445.00	103692.918244	2279694.30512	50.009
	183446.00	103692.920457	2279694.30003	50.007
	183447.00	103692.922448	2279694.29599	49.996
	183448.00	103692.917334	2279694.29383	49.993
	183449.00	103692.918692	2279694.29745	50.006
	183450.00	103692.913833	2279694.30404	50.004
	183451.00	103692.915591	2279694.29602	49.994
	183452.00	103692.919238	2279694.29773	50.013
	183453.00	103692.909942	2279694.30404	50.009
	183454.00	103692.917048	2279694.30216	50.002
	183455.00	103692.920398	2279694.30175	50.008
	183456.00	103692.918899	2279694.30223	50.011
	183457.00	103692.917501	2279694.29436	50.006
	183458.00	103692.923665	2279694.28755	49.994
	183459.00	103692.926437	2279694.28778	49.977
	183500.00	103692.926257	2279694.28221	49.98
	183501.00	103692.923975	2279694.27312	49.976
	183502.00	103692.926313	2279694.27519	49.972
	183503.00	103692.92629	2279694.27585	49.977
	183504.00	103692.929992	2279694.27598	49.976
	183505.00	103692.927959	2279694.28121	49.975
	183506.00	103692.925464	2279694.27834	49.986
	183507.00	103692.929282	2279694.28046	49.97
	183508.00	103692.92322	2279694.27893	49.983
	183509.00	103692.921518	2279694.27993	49.986
	183510.00	103692.919301	2279694.27972	50.014
	183511.00	103692.917472	2279694.28443	50.001
	183512.00	103692.917951	2279694.28126	49.994
	183513.00	103692.916743	2279694.27327	49.973
	183514.00	103692.920296	2279694.27233	49.977
	183515.00	103692.916861	2279694.26983	49.977
	183516.00	103692.91579	2279694.27403	49.976
	183517.00	103692.915443	2279694.27336	49.969
	183518.00	103692.91733	2279694.27237	49.965
	183519.00	103692.917976	2279694.26974	49.957
	183520.00	103692.918109	2279694.26047	49.94
	183521.00	103692.924845	2279694.25858	49.94
	183522.00	103692.925712	2279694.26033	49.922
	183524.00	103692.926523	2279694.26367	49.944
	183525.00	103692.922955	2279694.27044	49.951
	183527.00	103692.926713	2279694.26355	49.944
	183528.00	103692.92375	2279694.26888	49.943
	183529.00	103692.917576	2279694.28138	49.961
	183530.00	103692.91918	2279694.27786	49.95
	183531.00	103692.917053	2279694.28044	49.965
	183532.00	103692.919081	2279694.27534	49.95
	183533.00	103692.92305	2279694.27309	49.947
	183534.00	103692.916161	2279694.27405	49.954
	183535.00	103692.921048	2279694.28283	49.943
	183536.00	103692.925071	2279694.27899	49.957
	183537.00	103692.917449	2279694.28509	49.968
	183538.00	103692.917982	2279694.28577	49.966
	183539.00	103692.921138	2279694.28018	49.953
	183540.00	103692.922276	2279694.27942	49.968
	183541.00	103692.922578	2279694.28142	49.959
	183542.00	103692.919265	2279694.28078	49.967
	183543.00	103692.915665	2279694.28847	49.964
	183544.00	103692.913999	2279694.28841	49.968
	183545.00	103692.92288	2279694.28342	49.968
	183546.00	103692.925738	2279694.28113	49.961
	183547.00	103692.924672	2279694.2852	49.963
	183548.00	103692.925647	2279694.28378	49.964
	183549.00	103692.927096	2279694.28476	49.949
	183550.00	103692.933445	2279694.27795	49.949
	183551.00	103692.924487	2279694.2852	49.959
	183552.00	103692.929269	2279694.28086	49.964
	183553.00	103692.921583	2279694.28881	49.953
	183554.00	103692.925177	2279694.28668	49.969
	183555.00	103692.927214	2279694.28132	49.961
	183556.00	103692.927277	2279694.28489	49.959
	183557.00	103692.923768	2279694.28994	49.947
	183558.00	103692.932752	2279694.28733	49.957
	183559.00	103692.924658	2279694.2856	49.956
	183600.00	103692.93009	2279694.28393	49.965
	183601.00	103692.924891	2279694.29501	49.962
	183602.00	103692.923632	2279694.29391	49.975
	183603.00	103692.917045	2279694.29686	49.969
	183604.00	103692.922056	2279694.29664	49.977
	183605.00	103692.92299	2279694.2964	49.972
	183606.00	103692.926552	2279694.2952	49.974
	183607.00	103692.918962	2279694.30037	49.972
	183608.00	103692.922845	2279694.30064	49.984
	183609.00	103692.924634	2279694.29169	49.972
	183610.00	103692.927018	2279694.29244	49.975
	183611.00	103692.917117	2279694.29475	49.987
	183612.00	103692.919437	2279694.29734	49.986
	183613.00	103692.920247	2279694.28995	49.976
	183614.00	103692.919176	2279694.29415	49.982
	183615.00	103692.91607	2279694.29286	49.976
	183616.00	103692.919032	2279694.29296	49.979
	183617.00	103692.919854	2279694.2906	49.98
	183618.00	103692.921524	2279694.29053	49.978
	183619.00	103692.917313	2279694.28906	49.969
	183620.00	103692.918563	2279694.29042	49.973
	183621.00	103692.922504	2279694.28897	49.976
	183622.00	103692.918525	2279694.29691	49.979
	183623.00	103692.914833	2279694.29652	49.985
	183624.00	103692.911261	2279694.29799	49.992
	183625.00	103692.913804	2279694.2941	49.972
	183626.00	103692.916905	2279694.29553	49.973
	183627.00	103692.919452	2279694.29151	49.97
	183628.00	103692.924305	2279694.29049	49.97
	183629.00	103692.919036	2279694.29282	49.969
	183630.00	103692.920666	2279694.29394	49.982
	183631.00	103692.921159	2279694.29038	49.976
	183632.00	103692.922427	2279694.29122	49.978
	183633.00	103692.919249	2279694.29204	49.984
	183634.00	103692.919086	2279694.29137	49.985
	183635.00	103692.919258	2279694.29177	49.98
	183636.00	103692.922648	2279694.29017	49.976
	183637.00	103692.922532	2279694.28818	49.973
	183638.00	103692.924947	2279694.28799	49.974
	183639.00	103692.925823	2279694.28405	49.962
	183640.00	103692.92818	2279694.28559	49.966
	183641.00	103692.930099	2279694.28367	49.973
	183642.00	103692.925552	2279694.28656	49.977
	183643.00	103692.92273	2279694.28779	49.987
	183644.00	103692.932772	2279694.28137	49.978
	183645.00	103692.921855	2279694.2863	49.982
	183646.00	103692.930645	2279694.28395	49.976
	183647.00	103692.923791	2279694.28928	49.985
	183648.00	103692.928667	2279694.28759	49.983
	183649.00	103692.927286	2279694.28463	49.974
	183650.00	103692.937264	2279694.28007	49.961
	183651.00	103692.936762	2279694.2839	49.959
	183652.00	103692.93622	2279694.28348	49.962
	183653.00	103692.934301	2279694.2854	49.959
	183654.00	103692.939822	2279694.28652	49.958
	183655.00	103692.929528	2279694.28948	49.956
	183656.00	103692.932015	2279694.29261	49.959
	183657.00	103692.930102	2279694.28897	49.968
	183658.00	103692.929076	2279694.29184	49.966
	183659.00	103692.927424	2279694.29139	49.967
	183700.00	103692.931203	2279694.28927	49.963
	183701.00	103692.925836	2279694.28908	49.968
	183702.00	103692.924634	2279694.29169	49.968
	183703.00	103692.925153	2279694.29277	49.971
	183704.00	103692.922752	2279694.29255	49.978
	183705.00	103692.921113	2279694.2917	49.981
	183706.00	103692.92072	2279694.29235	49.977
	183707.00	103692.918829	2279694.29348	49.979
	183708.00	103692.920327	2279694.293	49.973
	183709.00	103692.920734	2279694.29196	49.97
	183710.00	103692.917573	2279694.29768	49.976
	183711.00	103692.917387	2279694.29767	49.982
	183712.00	103692.918448	2279694.29916	49.987
	183713.00	103692.918227	2279694.30022	49.986
	183714.00	103692.91393	2279694.29583	49.991
	183715.00	103692.920485	2279694.2938	49.973
	183716.00	103692.924437	2279694.28665	49.984
	183717.00	103692.921389	2279694.28906	49.983
	183718.00	103692.922125	2279694.28922	49.977
	183719.00	103692.92389	2279694.2918	49.984
	183720.00	103692.922518	2279694.28857	49.986
	183721.00	103692.926987	2279694.28793	49.986
	183722.00	103692.929636	2279694.29173	49.988
	183723.00	103692.928767	2279694.30084	50.001
	183724.00	103692.931771	2279694.29432	50.0
	183725.00	103692.925509	2279694.29861	50.0
	183726.00	103692.928895	2279694.29714	50.004
	183727.00	103692.93039	2279694.29136	49.996
	183728.00	103692.93137	2279694.2898	49.995
	183729.00	103692.920394	2279694.29645	49.993
	183730.00	103692.926164	2279694.29572	49.992
	183731.00	103692.927885	2279694.28876	49.984
	183732.00	103692.926535	2279694.2903	49.997
	183733.00	103692.92546	2279694.29464	49.992
	183734.00	103692.925862	2279694.29372	49.988
	183735.00	103692.922923	2279694.29296	49.991
	183736.00	103692.924548	2279694.29421	49.99
	183737.00	103692.92086	2279694.29368	49.987
	183738.00	103692.921826	2279694.29252	49.985
	183739.00	103692.921849	2279694.29186	49.994
	183740.00	103692.920431	2279694.29539	49.992
	183741.00	103692.92193	2279694.29491	49.99
	183742.00	103692.918373	2279694.29055	49.991
	183743.00	103692.922987	2279694.29111	49.99
	183744.00	103692.921682	2279694.29133	49.993
	183745.00	103692.921077	2279694.29276	49.992
	183746.00	103692.922368	2279694.29294	49.983
	183747.00	103692.923989	2279694.28889	49.999
	183748.00	103692.919388	2279694.29337	49.999
	183749.00	103692.919136	2279694.28991	49.998
	183750.00	103692.924419	2279694.28718	49.992
	183751.00	103692.9231	2279694.2878	50.004
	183752.00	103692.924373	2279694.2885	50.003
	183753.00	103692.926383	2279694.28394	50.009
	183754.00	103692.925616	2279694.28471	50.005
	183755.00	103692.920025	2279694.291	50.012
	183756.00	103692.919673	2279694.29046	50.005
	183757.00	103692.922081	2279694.28511	49.996
	183758.00	103692.923237	2279694.28383	49.994
	183759.00	103692.92246	2279694.28486	50.002
	183800.00	103692.923702	2279694.28106	49.996
	183801.00	103692.925188	2279694.28098	49.996
	183802.00	103692.925089	2279694.27846	49.991
	183803.00	103692.924981	2279694.27621	49.991
	183804.00	103692.929952	2279694.27174	49.983
	183805.00	103692.923493	2279694.27099	49.98
	183806.00	103692.922115	2279694.27332	49.984
	183807.00	103692.923031	2279694.27362	49.984
	183808.00	103692.91793	2279694.27649	49.981
	183809.00	103692.918744	2279694.26897	49.981
